  -569  -1230    292  -1138    920  -2442  -1559    295   -267   -598  -1228  -1182     44   -275    697   -586   -930  -1197    655    -48  -1815    717    378   -614   -578    962    381    970   -609   1621    -24   1367
  -555    436    -70   1940    794  -1610   -126    332   1567   -538   1040  -1699    422   -585  -1296  -1173   -834   -154  -1068   1198  -1079   1025   1841   -281    698   -579   -182   1204   -385   1235  -1603   1530
  2887   -268   -322  -1419   1020    351   -579    158  -1750  -1031   -550   3232   1019     94    -18     -1  -1490    -29   -900   -943   1654   2063   2367   -431   2651   -920  -1104    648   -151   -927   -371  -1803
  -372  -1760   1009   -528   -621    337   -303   2013    898   -517   1131   -356   1917    785   1302  -1650   -232    858   -273    766    -75   -720   1238    525   -897  -2287   -883  -1929   1210  -1595   -415  -1354
 -1837    795   1255    145    665   -629  -1384   -741    664  -1670     35    233  -1259  -1256   -981    346   -848    420    875    373    388   -327   -799    382   1360   2079   2352   -124     -7    678   -262   1270
    64    307    675  -2041     20  -2035   -976    620   -373  -1263   2217   1035    611    431    504   2342   -387     82    515    298   -498   1779  -1725  -2473    552   -464   1335    846    275   -276   1418  -1812
  -113   2241   -623   -695   -116   -861   -285  -1315  -1351   -104  -2767   1071   1566   2202    233    -27    484   1442  -1106    166   -906    804   -777  -2874  -1273    539   1002  -1068  -2538    874    488   1354
  -783  -1101    347   -554  -2102    514    230    330    698   2385    266   -930  -1219   -289  -2524   1159   -619    -76   1487    121    451    437     -2   -138   -332   -370  -2029    643    342  -1740   -909    430
  4376     78   4024   -235     14   2827    858   4309   2674   -117    -63   2907   3973    138   2862  -3522   2244  -1685   1688  -3200   -695    -53   2301   -330    397   1182  -3282    183  -1316  -2507    356   1010
 -2717   -915   -167  -1879   2220   1927   3733   5063   4331   1468    613  -5842  -2018   -622  -2001   2348   3220  -1138    976   1067   2417   2034  -1025   2441  -1558  -2822  -4596   1774   2672    858   2028  -2140
 -3861   3419  -2566   7424  -1083    524  -4643    932  -1510   -280  -5717   7498  -8312  -4533  -4893 -10929   3227   1615   -750  -1243    768   4251   -193   -766  -1617   -866   1684   4873  -1558  -2611    348  -2950
   205    819   1831   1017  -4724    259  -2204   1018  -1322   -938  -1736   -386   1045   1347   -532  -2869   3938  -1197   -677    696    153   3088    899  -3522   -578  -4471   -133   -671  -3243   2242  -2527  -4015
 -1306   3323   -340   2872  -3052    470  -1974  -1621  -3966  -1193  -1519    714    226  -5040  -1099    883  -2539   3320   7613   5119   5614   2053  -4270  -1254  -4349   1642  -1914   2083   3954  -1494   -210  -3071
  1144    739   2828    566  -5493   2384   3786  -2215  -2629   7682  -2882  -1506   3577   3817    414  -4576  -2072    272    215   -745   -417   -798    399     32    242   -538     84    146    260    817   -180    265
   803    745    900    910   -621   1987   -245    253    488    -37   1547    160    163     53  -1504    138    160    327   -338   2187   -607    -32    363    483    195  -2322    137   -562    570  -1130  -1166   -852
   461  -1232     17  -1035   2180   1556   -219  -1028   -789   -170   1096   3792   -250   1166   -120   1359    650   -235   -954    548   2222  -1738     79   -103    -87  -1627      0    667    618  -1909    835  -2667
 -1945   2301    162    516    797   2503    134   1082   1221  -1262    -12  -1256    280    -41    364  -1201    117   -117    585  -1629  -1266  -1744    512   1563  -1943    705    689  -1238   2339   -429   1126  -1248
    87   1359  -1669    620  -1858   -148   -712  -1445  -1048  -1690   -458   -820   -689  -1537   -906    822   -345   1865   -184   -796   -250  -2170  -1619   1315   1606    923   1639   -228  -1403    123   -185   1250
   408    582   -375    -85    118    183    864    954   1427   2437   1357   -418    503   1114    -24   2080   -176   -526  -1392  -1730    131  -1734   -357    192   -483   -158   2716    857    478    205   1267   1030
   159    270    100    -18   -164   1329  -3397  -1038   1163    482   -129    914     70    506    767  -2180    920   -424  -2602   -112  -1021  -1004   -140  -1710   -577    -44  -1965   1984   1190   2301   -242    711
   339   -950   -691   -127   -737   1210  -2441  -1534    516   1695    441  -2261  -2416   1028    122   1519  -1416    112    613  -1555    175   1283    876    875   1014   1250  -1311   -987   -897   -744  -2500   1267
   -69   1272    606   -453    340   -461   -409   -751   -467  -1096  -1424   1218   -158  -1755   -435    397   5043  -1182   3477   -579   3143    910   2955    985  -1148  -1410   -895   1240   1019  -1180   2579  -3832
  -261  -1793  -2138  -4657   -630    386   1160   4046  -1334    -98  -2550   4036   -476   -387    931   2258   -985    978   -255  -2894   4477   2053   2386   4617   3855  -3269  -1936  -4400     84  -1619  -2637    840
   983   -691   3783   2327   2905    819   -640   1503  -3314  -2265   -433   4998    704    630   1027  -3179  -2560   1922  -5050   8475  -1541  -3690  -2922    451  -3931   -535  -2482   5119 -10080   -880  -5190 -11250
  2880   1036  -2100   -946  -2358   2546   1579   2934  -4078  -1142   1517   -232   -808   -162  -1294  -3321   -184   1849  -1132   2558  -3666   -578  -3385     12   1933  -1188   -721  -2202   1989  -1463   -834  -2200
  2225  -1653    521   -146   -853   2578  -1501  -3308  -3880  -2719    943    269  -1075   3958  -5459  -1626    976   1939     94   4093  -3212    977  -2879  -1203  -3706     75    -91   2025  -2515  -4012   1749    602
  1730   9351   2393   4666   2001  -1814  -4498  -3399  -2179  -2554  -3592    617  -2523   2070   3701  -2817   3534   1849   1021  -3681  -2011   5500   1136  -2006   1444   2888  -7570   4293   3670   1588  -1927  -3768
     0      0      0      0      0      0      0      0      0      0      0      0      0      0      0      0      0      0      0      0      0      0      0      0      0      0      0      0      0      0      0      0
     0      0      0      0      0      0      0      0      0      0      0      0      0      0      0      0      0      0      0      0      0      0      0      0      0      0      0      0      0      0      0      0
     0      0      0      0      0      0      0      0      0      0      0      0      0      0      0      0      0      0      0      0      0      0      0      0      0      0      0      0      0      0      0      0
     0      0      0      0      0      0      0      0      0      0      0      0      0      0      0      0      0      0      0      0      0      0      0      0      0      0      0      0      0      0      0      0
     0      0      0      0      0      0      0      0      0      0      0      0      0      0      0      0      0      0      0      0      0      0      0      0      0      0      0      0      0      0      0      0
