  -459    -31   -667    856   -271   -703   -943   2215
   671   1796   2274  -1797   -535   -174   -418  -1749
  -485    272   -107   -176     56    931  -1034  -2081
   265    258     25     48     13   -187  -1312   -291
   463    -62   1310   1641   -236   -112   -527   1429
  1040  -1179   1957   -376     18   1402   1696   1012
   592   1291   1034  -1770   -906   -786   -924    416
  -300   -669  -2092   1311  -1281    -89    866    611
 -2075  -1108  -1725   1691   1661  -1453    311   1588
  1498  -2486    320  -1673  -1079   -622   -457   -640
  1070  -1090    150    267   -617   1517  -1752   1058
 -1202  -1119    557    128   -412   -265   -160  -2092
   187   -661   1910    835   -607   -151   -399  -1508
  2380   -189  -1076  -1746   -476    834  -1916   2233
  1693    581  -1420   2076   -166    485   -355  -1669
   335    364  -1337    272   -643  -1311    825    527
     0      0      0      0      0      0      0      0
     0      0      0      0      0      0      0      0
     0      0      0      0      0      0      0      0
     0      0      0      0      0      0      0      0
     0      0      0      0      0      0      0      0
     0      0      0      0      0      0      0      0
     0      0      0      0      0      0      0      0
     0      0      0      0      0      0      0      0
     0      0      0      0      0      0      0      0
     0      0      0      0      0      0      0      0
     0      0      0      0      0      0      0      0
     0      0      0      0      0      0      0      0
     0      0      0      0      0      0      0      0
     0      0      0      0      0      0      0      0
     0      0      0      0      0      0      0      0
     0      0      0      0      0      0      0      0
