   251   -978    745   -994    356    131   -561   -713  -1309    336    317    412   -336   -259    -22  -1348   -713    143   -370   -542    163   -608    765   -404  -1257   -685    683    640    -80   1146    575   -703
  -666   -533    359   -114    475   -444   -539   -884    -86     47  -1323  -1029   1237    -76    902    339   -371   -259    918   -397  -1206    144    292   -424  -1172   1055     93   -358   -709   -188   -398    954
   144   -740   1076    -30    921    172    -56   1105   -230    114    331   -440   -552    734    271   -826    807     -5     56    -35   -357   -807   -351  -1022    276   -104    -53    274     83   -109   -412    830
  -823    407   1008   -553   -386   -143   -979    658    404   -160   -329    -36   -451    -61  -1103   -785    198    494    280   -844    594   -737   -903    110   -457    159    652    224   -536    550   -179    839
   691   -215   1454   -274   -167    243     13    261    297   -498   -679   -161   -412   -628    397    153    912   -536    642    976     -4   -136     34    445    487    197     54   -340    -89   -469    893    915
 -1571     -8    484     38  -1431    300   -186    303  -1293   -164     -2    -22    786   -534   -766   -872  -1297    167    277    765   -940    -30   -280   -178   -590     68   1502   -321   -213    303    175   1089
   463    645    687   -296   -234   -343   -191   -207   -125    956    -39    536   1064   -162    402     28   1317    695     30   -220   -308    182     50   1112    274    263   -142    195   -134    221    525    841
  -525   -929    311   -154    414    135    382   -474    916    618    271   -271    941   -100   -739    -54    979    245   -338   -391    833    804   -388    268   -173    857    -97    133   1351     -5   -312   -844
  -575   -123   -356     30    808   -345   -485   -996    104   -170    133   -733    491    446    570    264   -614    517   -666    403    652  -1031   -742    562   1440    965   -172    493   -375    919   -763   -424
  -256    789   -173   -297    217    741    255   -584   -556   -668   -198  -1176    241   -754      9    134   -204    571   -199   -945     98    287    320    722   -296    503   -529    808   1105    -19    -10  -1213
   125      3   -404   -362   -238   -723   -936    110   -210   -329   -308    441    870    437    -94    387    147   -134   -663   -367    613    397   -205    -44    724   -343    164    684   -810   -590   -709     90
   325     24   -409    -78    915    598   1011   -946    298     79    728    642   -656    394   -438    314    633   -873   -640    154   1992    466    358   -211   -725   -288    789     86   -123    211    -39   1231
   -58   -811    176    613    565    -86    512   -359   1628    812    236    156   1067   1254    260   -235    190  -1144   -441   -466    -50   -537   -234    582   -421    147    735      4   -582    204   -315   -224
   553    122   -436   1167     20    -14   -199   -840    205    392    797    845    219     47    671    543   1115  -1052   -112   -400    -76   1066   -784    384   -479    571    470   -119    355   -692   -557    -56
   -55    -78    374   -339   1600    953   1048  -1098     98    939    538    166    493   -166     56   -259     17    129    229    106   -703    553   -760    346    177    885    100    124   -601  -1451  -1285   1541
  -518    252   -485    921    462   -279   1091    516    256   -121   -267   -612  -1338    -95   -418    548     69     88   -143     55   -228    105    147    -17   1875   -410     -7     96   -898    386    688    121
  -727   -420   -319   1475   -708    658    328    457    423   -778     70    214  -1553    857    471    225    718   -638     81    -23   -405    260    370   -482    -80    -84   -576   -175    -81   -175    272    530
   493   -416   -476   -441   -552     87   -295    -77   -706   -547   -208    774   -574    738    580    359   -804    666    288   -833    -83    889   -100   -136    -13   -276   -493    892   -103   -281   -235    331
 -1284     -5   -775    796     38    -34    554   -571   -622    861    105   -592    224    -86   -289    209   -276   -950   -415    349    246    296   -715   -567    219    729    689   -647    -62   -228    -10    332
    -8    106   -487    203    873     64  -1026    225    136   -167   1217   -323    862    844   1383    339    -83   -365   -321   -241   -929    165     40   -920   -178  -1189    894    104    -25    356   -665    375
    65    289    244   -787    154    292  -1066   1090    288   -765    101   1552    933    178    309    340  -1097   -503   -349    107    311   -529    309    614    352   -152    -75    -80  -1025   1158   -177    629
   537   -101   -575    340    479   -117    -83     35   -132    390   -484   1155    690   -229   -494     78     75    219   -320   -639     26      6   -471     52    -85   -735   -616    785   -122    164    100    -74
   601   -232   -305   -861   -251    579   -208    713    149   -550   -357    -16   -256   1550   -572     25    180    259  -1256    677   -453   -155    -70    864   -148   -994    223   -253    438   -331   -295   -814
   265    344    408   -806    274    608      7    192    245    -47    805   -998    568   -264    177    283   -583    -67    155     21   -141    109    968    525   -587    459    827   1061   -937    782    669    -12
  -129    -59   -258   -142    575    937   -475    238    153   -249   -583    932   -102    295   -126   -464    763   -427    141   -546    395    745   -383    237    369    620   -453   -543    -20    443    -73   -198
   215    480     44    -68     98   -441   1076  -1032    156    408  -1619    487    374   -357   -256   -128    -54   -467    784   -264     57    460    260   -791    522    175    580   -299   -937   -229  -1103  -1060
   -17    625   -640   -224    400    261   1731   1078    570    689   -109  -1131    575    411    124    387   1019   -605   -557    689   -141    855    -53    256    -30    333   -471   1398    685    246  -1372   1456
   317    570   -506    216   -871   -195   -227    -58    891    545    773    183   -497  -2199    564   -551   -758    346   -546    585  -1061   -336    504     12   -538   -897   -378   -435    427    267   -535   -230
   132    -39    507   -528      8    -63    173   -789    222   -821   -329   -615   -320   -135   -141   -493    937    128    399   -545   -459   -152   -367   -135    576    -77   1000   -872    349   -286    515     22
  -495    254    112   -611    519    293     82   -400   -958   -228   -277    621   -901   -283    704    509   -473     94   -553   -452    163   -775    138    -29   -155   -212    379   -585   -442   -706    191    621
   520    807   -780   -439    -75    -15   -204   1297    919    962   -570   -223   -631    192   -936   -343   -156    145    872   -503    800    597    979   1196    633    324    405   -252   -940    294    -85     13
  -358   -763   -418   -344   -494     10    809    612   -692      0    434    100  -1403   -259    398     69    403    487   -802   -100   1264   -165    288    324    223   -592   -834    188   1346    706   -337    266
