   -39   -298    263    410    190   -762    -97    328   -475     57   -201    344    202    574    117    423   -662   -114    172   -345   -185   -215    309    504    633   -450    694    -93    463   -154   -394    432
  -196   -197   -908    150   -240    649   -396   -387   -329   -618    376    546     47    -32   -478   -782   -389    738    -19   -466    297    204    848   -100   -131     37    337   -443   -171    -75    184    474
   126    198   -540    -69   -603    263  -1020   1061   -197    188   -311    516    569    310     -8     70     56    821   1066   -154     34    383     50   1497    276   -460   -348   -717   -903   -113   -308   -508
   399   -144    443    271    249    124    198    462   -436   -301    -59   -123    186   -950   -297   -607   -228   -108     12    641     95     13   -402   -124    239    432      6   -469    -49   -442     86    -94
    95    211   -722  -1188   -297    522    272   -315    318    -38    282     99    120   -160   -435   -350   -150    178     30   -192   -952    827    748    382     76   -355   -597    568  -1029   -746    446     10
   -57     98    223   -150   -272   -422   -889    272    397    -37    269    -15   -356     82  -1056   -690    -35    549    104   -245   -836    233   -206     29   -222   -113   -154   -534    564    143   -702    672
   120    217   -455   -194   -182    410    -51    112   -507     21   -607   -200    633   -220    418     71   -592    453    190     -6     25     33    241    158    455    635    338   -462   -145     80   -178    427
  -196   -819   -425    -54   -226    252   -161    -58   -137    -99    -11    -26    650    -82    138    -91    -18    251   -600    192    137     48     26    271    831    415   -293    138     89   -409    -50    -28
   372   -150    105    617    423   -475    112    321   -177   -257   -237    460    -54    269   -329   -246   -640    661    146   -991   -718     45   -381   -202   -119   -363   -235   -223     42    210    119    -39
  -366   -804   -190    311   1504   -114    923    704    287    -73  -1399   -209    -90   -277    187   -183    761   -346   -106   -842  -1039    201   -763    181    408     26   -562   -746    -21    152  -1078    718
   618   -188   -508   -488    401    564     59   -672    739    138     17    -46    155     76    146    674   -357   -708    402    201     29   -453   -358    126    829   -673    176    310    227   -501     19     76
   279     -8     10   -169   -154    433    957    586    404    -48    -75   -807    408   -350   -294    170    304   -740    411    512    428    213   -191     34    -25    121    998    -26    -73   -175    513   -448
   623    201    -38   -157     37    573     45    478    155   -382     34   -124      9   -195   -328    582    815    161    299   1154   -453     14    500    319   -324    406    -77   -282    -70    316   -203    -97
   157   -121   -201   -612    254   -301    286   -325    523    502   -500    402    353    516   -340    812    -55    251   -294   -455    127     53    643   -689    480     86    155   -515   -347   -704   -918   -195
   248    596    641     54   -241    155   -845   -252    742   -128   -821   -157   -243   -236   -237    179    169    601   -187   -123    426    317    282    497   -621    177    696    123    -15   -634    111   -349
   197   -160   -368    395   -264  -1221   -258      4   -359   -369    603   -780   -107   -593   -318    238    410   -391    542    329   -728    -77   -692    310    431    -29    969   -756    -76    381     98    663
  -246   -164    -74   -143    196     -7    217   -748    126   -282    192   -410   -531    -29     15    517     48    271    242    225    252     96     16   -613   -244    177   -214    693    504   -216    357   -461
    52    160    311   -703   -133    -73   -678   -216   -609     21     53    169   1289   -167    162   -434   -561    536   -218    354    193   -162    611   -231     73   -221    388   -162   -209    163   -901   -984
   -48    904   -286    -14   -385    427   -303   -737    222    -18    542    509    271   -144   -320    -12    260    560     62    984   -320    596   -485      9    303    991   -568   -658   -707    292    696   -489
   -64    458    -94    436    204     62    362    110   -329   -731   -649    175   -262   -190    311   -180   -150   -716   -634    137    719   -318    279     54    146   -322     29   -433    470   -200    666    209
  -169   -166    -70    817   -225   -294   -213   -189   -462    351   -561    280   -153    174   -272    735    528     39   -280   -684   -528    219   -708     81   -475    315   -299   -438     98    365  -1277   -358
   346     24   -201    -31   -348    138    -87    435   -144   -669   -522    390    443    207   -623   -463  -1072    502    -58    -59   -224    -60    113    256   -502   -663    143    174    512    105   -911     89
  -561   -723    410   -231    417   -491   -202    151    181   -381    576   -794  -1043    893    278    -14    282    151    195    -83     25   -562    229    362   -133   -599     45     44   -531     43   -138   -287
  -272   -473    200    453     64    -95   -189    -11   -512   -342    234    678    511    541   -468    121    -44   -820   -274    -29    261   -209    -54    661    288    444    316     -8   -949    -21    135   -425
   865     62    364   -117   -714   -533   1137   -620    101    628    503    -41    -41    232    319    325    -86    870   -148   -601    696   -111    287   -538    852   -247   -133   -410   -613     95   -466     16
  -524     12   1097     94   -215    193   -392    427    146    206    764    519    -90    174    351   -245     -2   -104    149    183    -81    313   -140    172    866   -331   -666   -330   -250    333     44    410
   233    278     75    275   -259   -385      1   -247     33    559    429    579    697    216   -272      8   1129     71    487    131   -195    684    218    101    -70   -386   -698   -280   -179    181    206    527
  -272   -116    561     32    132   -437   -504     88   -738    857   -467   -522    173   -469   -563    289    167    249     65     -3   -391    -55    -58   -144     18   -396   -219   -248    -74   -637   -594    524
    51   -233   -424   -318   -256    386    618   1035   -549   -278    502   -613    -55    265   -286    260    369   -209    -53   -466   -957   -679    998     44     96   -440    490    142    252    814    299    197
   197     34   -154    557    -38   -152    -80   -648    591    423   -294    127    652   -682    288    344   -224   -334   -583   -353   -495    713    178   -117    413   -177     -4    182    -29   -152   -221    586
  -332    147    728    469     75    -98    -53   -266    197   -596   -229   -361     -8   -338   -255   -137   -336   -721   -334    283   -259    137   -463    485    518    345     87   -156      3      8   -785    609
  -467   -299    487    302    -43   -648    813    321   -306   -287   -233     96   -684    190    -36    386   -648    983    408    410   -450   -966    241    149   -114   -474    282     39   -266    552   -480    272
     0      0      0      0      0      0      0      0      0      0      0      0      0      0      0      0      0      0      0      0      0      0      0      0      0      0      0      0      0      0      0      0
     0      0      0      0      0      0      0      0      0      0      0      0      0      0      0      0      0      0      0      0      0      0      0      0      0      0      0      0      0      0      0      0
     0      0      0      0      0      0      0      0      0      0      0      0      0      0      0      0      0      0      0      0      0      0      0      0      0      0      0      0      0      0      0      0
     0      0      0      0      0      0      0      0      0      0      0      0      0      0      0      0      0      0      0      0      0      0      0      0      0      0      0      0      0      0      0      0
     0      0      0      0      0      0      0      0      0      0      0      0      0      0      0      0      0      0      0      0      0      0      0      0      0      0      0      0      0      0      0      0
     0      0      0      0      0      0      0      0      0      0      0      0      0      0      0      0      0      0      0      0      0      0      0      0      0      0      0      0      0      0      0      0
     0      0      0      0      0      0      0      0      0      0      0      0      0      0      0      0      0      0      0      0      0      0      0      0      0      0      0      0      0      0      0      0
     0      0      0      0      0      0      0      0      0      0      0      0      0      0      0      0      0      0      0      0      0      0      0      0      0      0      0      0      0      0      0      0
     0      0      0      0      0      0      0      0      0      0      0      0      0      0      0      0      0      0      0      0      0      0      0      0      0      0      0      0      0      0      0      0
     0      0      0      0      0      0      0      0      0      0      0      0      0      0      0      0      0      0      0      0      0      0      0      0      0      0      0      0      0      0      0      0
     0      0      0      0      0      0      0      0      0      0      0      0      0      0      0      0      0      0      0      0      0      0      0      0      0      0      0      0      0      0      0      0
     0      0      0      0      0      0      0      0      0      0      0      0      0      0      0      0      0      0      0      0      0      0      0      0      0      0      0      0      0      0      0      0
     0      0      0      0      0      0      0      0      0      0      0      0      0      0      0      0      0      0      0      0      0      0      0      0      0      0      0      0      0      0      0      0
     0      0      0      0      0      0      0      0      0      0      0      0      0      0      0      0      0      0      0      0      0      0      0      0      0      0      0      0      0      0      0      0
     0      0      0      0      0      0      0      0      0      0      0      0      0      0      0      0      0      0      0      0      0      0      0      0      0      0      0      0      0      0      0      0
     0      0      0      0      0      0      0      0      0      0      0      0      0      0      0      0      0      0      0      0      0      0      0      0      0      0      0      0      0      0      0      0
     0      0      0      0      0      0      0      0      0      0      0      0      0      0      0      0      0      0      0      0      0      0      0      0      0      0      0      0      0      0      0      0
     0      0      0      0      0      0      0      0      0      0      0      0      0      0      0      0      0      0      0      0      0      0      0      0      0      0      0      0      0      0      0      0
     0      0      0      0      0      0      0      0      0      0      0      0      0      0      0      0      0      0      0      0      0      0      0      0      0      0      0      0      0      0      0      0
     0      0      0      0      0      0      0      0      0      0      0      0      0      0      0      0      0      0      0      0      0      0      0      0      0      0      0      0      0      0      0      0
     0      0      0      0      0      0      0      0      0      0      0      0      0      0      0      0      0      0      0      0      0      0      0      0      0      0      0      0      0      0      0      0
     0      0      0      0      0      0      0      0      0      0      0      0      0      0      0      0      0      0      0      0      0      0      0      0      0      0      0      0      0      0      0      0
     0      0      0      0      0      0      0      0      0      0      0      0      0      0      0      0      0      0      0      0      0      0      0      0      0      0      0      0      0      0      0      0
     0      0      0      0      0      0      0      0      0      0      0      0      0      0      0      0      0      0      0      0      0      0      0      0      0      0      0      0      0      0      0      0
     0      0      0      0      0      0      0      0      0      0      0      0      0      0      0      0      0      0      0      0      0      0      0      0      0      0      0      0      0      0      0      0
     0      0      0      0      0      0      0      0      0      0      0      0      0      0      0      0      0      0      0      0      0      0      0      0      0      0      0      0      0      0      0      0
     0      0      0      0      0      0      0      0      0      0      0      0      0      0      0      0      0      0      0      0      0      0      0      0      0      0      0      0      0      0      0      0
     0      0      0      0      0      0      0      0      0      0      0      0      0      0      0      0      0      0      0      0      0      0      0      0      0      0      0      0      0      0      0      0
     0      0      0      0      0      0      0      0      0      0      0      0      0      0      0      0      0      0      0      0      0      0      0      0      0      0      0      0      0      0      0      0
     0      0      0      0      0      0      0      0      0      0      0      0      0      0      0      0      0      0      0      0      0      0      0      0      0      0      0      0      0      0      0      0
     0      0      0      0      0      0      0      0      0      0      0      0      0      0      0      0      0      0      0      0      0      0      0      0      0      0      0      0      0      0      0      0
     0      0      0      0      0      0      0      0      0      0      0      0      0      0      0      0      0      0      0      0      0      0      0      0      0      0      0      0      0      0      0      0
