    29    238   -110    -38   -878   -495  -1142   1473
  1372    885    758  -2605   -516    381   -771  -2536
  -575   -942   -174   1328   -110    660  -1031   -451
   660   -751    375    468   -588   -409   -196   1728
   710   -456   1436    763   -833    242    794   1941
   355  -1313    564   -981    269   1235   1581    350
  -389   -105  -1986   -970   -975  -1138   -932    186
 -1563  -1794  -1451   3096   -665     96    871    218
 -1480   -934    198   1364   1202  -1379   -324    568
  1514  -2797    641  -2475  -1106    845  -1053  -1411
   752     83    288    555   -479   1528  -1755    237
  -900    408    356   -114   -547   -545    303  -2540
  1383    246    424    -48   -749      0   -379   -517
  1985  -1129  -2848   -588    506   1014  -1076   2293
  1101    663  -1385   2522   -663   -196    559  -2082
  -424    345  -1213     53   -478   -902   1778    572
   209    844    591   1036   -634    400    949  -1465
   660   -350  -1419   -682     21   -170    518    198
  1284   1419    468  -1512    513    742   -640   1147
 -1462   -341  -1899  -2639   2484     37   -415  -1849
 -1221    857   -297  -1210  -1687   1038   -183   1797
 -1406  -2343   -824   1405    825    109   -343   1490
   210  -1217  -1678  -1252   -751   -198     46  -1576
 -2324   1633  -1828   2459     23    931    494    144
 -1492   -439   -169  -1123    -21   1406     96    841
   -76   2096  -1586    948    316   1167    605    153
   395    738    709   1582     78   -246    152    624
   500   -593    176   -668    -41   2476   -317  -1507
   -75   -749    220  -1020    466      2    707    -62
  -149  -1765  -1823     55  -1923  -1138   -344  -2378
  -147    586    508   -913   1193   -536   2033   1498
   347   1641  -1662    284   1945   2142   2550   1188
