  -221   -827    128     60    202   -525     69   1030   -750   -425    -85    492  -1087    429     44   -936
   676    -60   -367   -908   1251    596   -189     76    465   -489    224   1474    620    562     45     25
  -314   -179    407    -77    577    445   -210    -17   -303   -933    -95  -1072     59    -16    469    839
   524    104   -137     -4  -1164   -631    712   -766  -1310   -770   -443    471  -1004    162    -98   -138
  -549    -71    305    644   -882    564   -459    323    161    618   -685    160   -335   -197    -34     90
    87    633   -453    539   -634    111    459   -134    388  -1222     28   -929   -327    560    -33    133
  -443    782   -920    182   -434    -88    411    -78   -134    -93    -94   -434   -154   -419    329    481
   326    751   -118   -297   -454   -339   -552    156   -596    266   -223    872    205   -104     53     -1
  -615    325    -48    184   -110     86   1010    577    281    765   -542    738    758     54   -646  -1170
  -825   -326    430    479    457    -10  -1384     80    413    115   -121    660   -864    147    -55   -131
   214   -759  -1505    137   -103   -351     63   1013    -26     49    217    288    426     34     -3   -690
   727   -114   1132   -142    346    603    213   -346  -1164   -514   -808    255   1333    329    -79   -102
   614    561   -172    977  -1181   1106   -628   -295    257    417    143    903   -161   -237   -111   -480
   -45   -199    661   -126    626     55     90   -278    721     25    366    294   -572    -62   -446      7
  -469  -1100    176   -574    414   -329   -147   1635   -974     -1    221   -978     29   -657   -128   -270
  -168   -325   -330   1006    947   -629    -79   -958    -33   -786    570    -57    372  -1536    189     40
   -75      4    -24   -249    138    544   -434   -225    231   -384   -372   -154   -377    353    379   -123
  -883    404   -584  -1734   -143   -289   -439    289   -277   -292    358   -358   -295   -713   -238   -756
    18    624   -423    289    -75    203   -954  -1139   -879    -25   1120   -116    832   1003   -246    595
   217   1270    616    224   -646   -316   -324     -2    647   -453    414    223   -673    403    625   -259
  -728    364    714   -447  -1071   -487     27   -478    763   -485    787    697   -956    614    535      9
  -751    740    -15   1347    376  -1250    247    161   -383   -236   -579    556    430   -250    -23    287
    28   -640   -217   -128   -224   -558    -58    526    666   1153   -995   -444    274    453   -352   -252
   128   -861   -598    622     61    593    200   -473   -576    279    527    278    125   -584    689    835
   -11   -628   -862   -424   -212   -700   -239    479   -201    772   -407     49    357    743    -40    782
     3   -199   -143   -575   -866   -422    924   -537   -486  -1274    618    367    546   -422   1282    620
   944     81     34   -495    207  -1642    638    867   -352   -934   -353    306     50    149    177    464
   167    203   -318   -410     87   2139    683   -103   -496    316   -563   -803    147    347   -338   1174
  -159    413    564    345   -416     31   -846    286    500    -38   -827   -999   -335     -1   -440   1007
  -609   -435    570    661    460    167   -461   -867    391   -279   -122   -531   -135   1250   -469    -38
   520    969   -382    316    762    -24   -254    630    397   -641    184    519   -743    140    471   -338
   629   -565   -472     29   -845   -534    -75   -913  -1050    544   -313   -776    926    155   -214   -395
     0      0      0      0      0      0      0      0      0      0      0      0      0      0      0      0
     0      0      0      0      0      0      0      0      0      0      0      0      0      0      0      0
     0      0      0      0      0      0      0      0      0      0      0      0      0      0      0      0
     0      0      0      0      0      0      0      0      0      0      0      0      0      0      0      0
     0      0      0      0      0      0      0      0      0      0      0      0      0      0      0      0
     0      0      0      0      0      0      0      0      0      0      0      0      0      0      0      0
     0      0      0      0      0      0      0      0      0      0      0      0      0      0      0      0
     0      0      0      0      0      0      0      0      0      0      0      0      0      0      0      0
     0      0      0      0      0      0      0      0      0      0      0      0      0      0      0      0
     0      0      0      0      0      0      0      0      0      0      0      0      0      0      0      0
     0      0      0      0      0      0      0      0      0      0      0      0      0      0      0      0
     0      0      0      0      0      0      0      0      0      0      0      0      0      0      0      0
     0      0      0      0      0      0      0      0      0      0      0      0      0      0      0      0
     0      0      0      0      0      0      0      0      0      0      0      0      0      0      0      0
     0      0      0      0      0      0      0      0      0      0      0      0      0      0      0      0
     0      0      0      0      0      0      0      0      0      0      0      0      0      0      0      0
     0      0      0      0      0      0      0      0      0      0      0      0      0      0      0      0
     0      0      0      0      0      0      0      0      0      0      0      0      0      0      0      0
     0      0      0      0      0      0      0      0      0      0      0      0      0      0      0      0
     0      0      0      0      0      0      0      0      0      0      0      0      0      0      0      0
     0      0      0      0      0      0      0      0      0      0      0      0      0      0      0      0
     0      0      0      0      0      0      0      0      0      0      0      0      0      0      0      0
     0      0      0      0      0      0      0      0      0      0      0      0      0      0      0      0
     0      0      0      0      0      0      0      0      0      0      0      0      0      0      0      0
     0      0      0      0      0      0      0      0      0      0      0      0      0      0      0      0
     0      0      0      0      0      0      0      0      0      0      0      0      0      0      0      0
     0      0      0      0      0      0      0      0      0      0      0      0      0      0      0      0
     0      0      0      0      0      0      0      0      0      0      0      0      0      0      0      0
     0      0      0      0      0      0      0      0      0      0      0      0      0      0      0      0
     0      0      0      0      0      0      0      0      0      0      0      0      0      0      0      0
     0      0      0      0      0      0      0      0      0      0      0      0      0      0      0      0
     0      0      0      0      0      0      0      0      0      0      0      0      0      0      0      0
