  -214    354   -513   -404    310    175    877   -368    -57   -342     67    566    304    -48    151    -29   -551     21   -240    315   -458   -102    137    -72    416     83    267    509   -687    566    840    392      0      0      0      0      0      0      0      0      0      0      0      0      0      0      0      0      0      0      0      0      0      0      0      0      0      0      0      0      0      0      0      0
  -398    609   -448    236   -756     29    443   -655     54     56    588    145    480   -353   -580   -231     73   -101   -318   -297    366   -904    623   -967    498   -659    919    634    -91     26   -372    129      0      0      0      0      0      0      0      0      0      0      0      0      0      0      0      0      0      0      0      0      0      0      0      0      0      0      0      0      0      0      0      0
   295    397    -27     -1    705    181    176   -492   1372   -566    622    336    -48    -72    324    174   -763   -658    360   -176    -74   -273    357    341   -263    -41    120     97    143   -800    526   -279      0      0      0      0      0      0      0      0      0      0      0      0      0      0      0      0      0      0      0      0      0      0      0      0      0      0      0      0      0      0      0      0
   182    379   -537     61   -304     70     50     20    745   -776   -352    402    -65   -238     10    173      6    222   -154   -326    -10    523     94     60    200   -152   -585    780   -163     -8    116     27      0      0      0      0      0      0      0      0      0      0      0      0      0      0      0      0      0      0      0      0      0      0      0      0      0      0      0      0      0      0      0      0
   531    136     86    674   -271   -319   -688    346   -253     -3    -44   -135    337     -2   -382    619   -155    764    285   -702   -398      9   -201   -241   1076   -409    120    566    259   -497  -1086    142      0      0      0      0      0      0      0      0      0      0      0      0      0      0      0      0      0      0      0      0      0      0      0      0      0      0      0      0      0      0      0      0
   462    374     41    268    146   -101   -252   -144    151   -244   -628    -18    145   -604   -639   -133    -23   -214    364   -228   -606    547   -138   -344    477     -9   -131    733   -733    508   -301   -377      0      0      0      0      0      0      0      0      0      0      0      0      0      0      0      0      0      0      0      0      0      0      0      0      0      0      0      0      0      0      0      0
   614     99   -256    411    310   -320     68    838   -410    440     24     47    368   -592   -339    455   -280    -17   -392   -305     52   -349    539    122    151    350   -208    321   -298   -354   -231   -325      0      0      0      0      0      0      0      0      0      0      0      0      0      0      0      0      0      0      0      0      0      0      0      0      0      0      0      0      0      0      0      0
  -677    319   -332    121   -122     54   -118    100   -356    113    216    -39   -547   -384   -272   -322   -295    830   -246    298   -510    449   -110    217     60   -271   1159    205    291   -235    192   -334      0      0      0      0      0      0      0      0      0      0      0      0      0      0      0      0      0      0      0      0      0      0      0      0      0      0      0      0      0      0      0      0
  -176   -292   -211      9     98    682   1165    177     90    904    -97   -237    330     65    238    -54   -316   -848   -705   -236   -177   -189    117   -110   -227    551   -817    124   -604    155    146   -330      0      0      0      0      0      0      0      0      0      0      0      0      0      0      0      0      0      0      0      0      0      0      0      0      0      0      0      0      0      0      0      0
  -628    201    617   -198     30   -164    573   -500   -322     49    -85     36    231   -349   -243    456     87   -443   -208    510    -52   -206   -427    400      1   -518    984    427     14    362    188   -416      0      0      0      0      0      0      0      0      0      0      0      0      0      0      0      0      0      0      0      0      0      0      0      0      0      0      0      0      0      0      0      0
   660    292    -93    235   -615    263    -68    -90   -272   -230   -704   -514   -461   -183    660   -685    684    205   -383   -545   -233     84   -553   -524   1143    -68     72   -375    218   -350   -283    656      0      0      0      0      0      0      0      0      0      0      0      0      0      0      0      0      0      0      0      0      0      0      0      0      0      0      0      0      0      0      0      0
  -529    727    595    674   -323    252    485   -115    373   -371    598    260   -512   -644    567   -535    -81   -722   -162    812   -492     84   -458   -185   -728     77    705    192   -888    370    235    259      0      0      0      0      0      0      0      0      0      0      0      0      0      0      0      0      0      0      0      0      0      0      0      0      0      0      0      0      0      0      0      0
   292   -714    182    165   -322   -564    176    290    183     96    108    488    -39   -177   -684   -128    269    177    -82    159    402    -36    103    121    550     91   -551   -271    223    116     34   -891      0      0      0      0      0      0      0      0      0      0      0      0      0      0      0      0      0      0      0      0      0      0      0      0      0      0      0      0      0      0      0      0
  -347    159   -170   -195   -141     32   -139    124   -383   -497     56    184   -339   -441   -327    711   -440    531   -195   -130    178    782   -158   -423     21   -801    -37   -189   -571    567  -1046    186      0      0      0      0      0      0      0      0      0      0      0      0      0      0      0      0      0      0      0      0      0      0      0      0      0      0      0      0      0      0      0      0
  -220    266   -350    226    -77    133    756    490   -210    -33    462   -501    459   -552   -188   -200     51   -161   -283    -92  -1120   -106    387    659     37   -329   -771   -159    207   -282   -112    247      0      0      0      0      0      0      0      0      0      0      0      0      0      0      0      0      0      0      0      0      0      0      0      0      0      0      0      0      0      0      0      0
   296   -370   -227    245    -69    258     -8   -134    529   -558    -43     33    196     83    414   -326    497   -989    352   1161   -656   -385   -274    517  -1174   -222     68    446   -486    210    139     61      0      0      0      0      0      0      0      0      0      0      0      0      0      0      0      0      0      0      0      0      0      0      0      0      0      0      0      0      0      0      0      0
   236   -247    929   -104   -466   -114   -563    327    157   -285    352   -140     91   -471   -177   -577  -1241    -62   -442    313   -229   -100   -154     33     18    216    273   -816     99   1218    736    881      0      0      0      0      0      0      0      0      0      0      0      0      0      0      0      0      0      0      0      0      0      0      0      0      0      0      0      0      0      0      0      0
  -253   -612   -361    -19   -322   -251   -121    326     86    185    544    177    185    121    331   -262    237     71   -210   -547   -189    -85    775    613    318    216     29   -294   -626    698     30   -247      0      0      0      0      0      0      0      0      0      0      0      0      0      0      0      0      0      0      0      0      0      0      0      0      0      0      0      0      0      0      0      0
  -246    -10    631   -419    359   -436   -242    328   -227   -418    341    695    296    500   -228   -807   -387   -233    125    580    311   -690    436   -132    185    373   -307    -65   -240    499      1   -310      0      0      0      0      0      0      0      0      0      0      0      0      0      0      0      0      0      0      0      0      0      0      0      0      0      0      0      0      0      0      0      0
  -313   -230    291   -174   -124    285   -629   -369      7   -902    237    997    199   -825      4   -461   -402   -152     62    -22    646    -53    402    143    491    202     86    136   -314   -128   -221    164      0      0      0      0      0      0      0      0      0      0      0      0      0      0      0      0      0      0      0      0      0      0      0      0      0      0      0      0      0      0      0      0
     3   -240   -174    692   -815   -726      8    568   -558   -306    -21   -798    275     15    119   -104   -112   -361     76     14    810   -367    -67    -17   -234   -386    663   -448    905    744    230    630      0      0      0      0      0      0      0      0      0      0      0      0      0      0      0      0      0      0      0      0      0      0      0      0      0      0      0      0      0      0      0      0
   -89    -26   -257   -403    -77   -502    184    679   -702   -559     58   -521    -94   -593    243     67   -544    704   -559   -447    -55    336    795   -241   -370   -252     27    411   -489   -436   -281    179      0      0      0      0      0      0      0      0      0      0      0      0      0      0      0      0      0      0      0      0      0      0      0      0      0      0      0      0      0      0      0      0
  -290    637   -923    360    660    361   -622     97    479    307    345   -621   -337    181    648    432   -309   -105    176   -426     22   -774   -439    258    758     63   -252   -359    504   -143    -66   -589      0      0      0      0      0      0      0      0      0      0      0      0      0      0      0      0      0      0      0      0      0      0      0      0      0      0      0      0      0      0      0      0
   244     43   -357    382    199   -539    354    -18    493   -121   -330   -347    597   -334   -166   -279    370   -394    796    581    506   -336   -181     -7   -492   -110    -62   -173   -396  -1176   -348     99      0      0      0      0      0      0      0      0      0      0      0      0      0      0      0      0      0      0      0      0      0      0      0      0      0      0      0      0      0      0      0      0
   358    412   -228    -34   -396    615    139    257    479     45    479    876     48   -451   -222  -1216     38    314    251   -482    471    458    498    714    553   -521   -384    153    -76    180    401   -375      0      0      0      0      0      0      0      0      0      0      0      0      0      0      0      0      0      0      0      0      0      0      0      0      0      0      0      0      0      0      0      0
   -60   -380   -101    108    330    131     69   -214    -94    252   -638   -470   -481    -63    292    600   -520    218    660    214    299    241     34   -296    256   -276   -131    155   -597     80   -155    -55      0      0      0      0      0      0      0      0      0      0      0      0      0      0      0      0      0      0      0      0      0      0      0      0      0      0      0      0      0      0      0      0
   125   -348   -124     -5    675    394   -367    146   -688    -86    817   -444   -402    -72   -715   -165   -477   -474    817    422    -36     72   -693      2   -200   -536   -679   -227   -438   -527   -164   -293      0      0      0      0      0      0      0      0      0      0      0      0      0      0      0      0      0      0      0      0      0      0      0      0      0      0      0      0      0      0      0      0
   636    324     73    -88   -263   -193   -144   -454    -33   -532     15     59   -448   -198   -345  -1180   -437    135    484   -471    296    -95   -417   -289   -546   -225    177     23   -144    501   -285    118      0      0      0      0      0      0      0      0      0      0      0      0      0      0      0      0      0      0      0      0      0      0      0      0      0      0      0      0      0      0      0      0
   230    295    223    -46   -955    348    585    -91     96   -326    284    622   -140    100   -383   -190   -654     29   -736   -428   -626   -478  -1004    244   -161    278   -162   -132    106    105   -149    848      0      0      0      0      0      0      0      0      0      0      0      0      0      0      0      0      0      0      0      0      0      0      0      0      0      0      0      0      0      0      0      0
   495    427    657   -188    155   -370    -90    155   -435   -309    301    165     13    -36   -174   -119    223   -957     -3    172    210   -192     62     25   -145     22   -742   -115    201   -139   -143   -102      0      0      0      0      0      0      0      0      0      0      0      0      0      0      0      0      0      0      0      0      0      0      0      0      0      0      0      0      0      0      0      0
  -584    502   -444   -555    -32   -205    498    440   -229    317    255    -53   -549    326   -385     65     48    635   -917    192   -662    352    109   -124    -79    183     51  -1132    189   -175    126    -42      0      0      0      0      0      0      0      0      0      0      0      0      0      0      0      0      0      0      0      0      0      0      0      0      0      0      0      0      0      0      0      0
   534    -64    747   -437   -464     32    835   -288    382   -276    314    178    579   -190    221   -551    391     58    454    849    503    146    316    -75     87    519    743     -3    712   -164    478   -500      0      0      0      0      0      0      0      0      0      0      0      0      0      0      0      0      0      0      0      0      0      0      0      0      0      0      0      0      0      0      0      0
