 131   23   62  111    8   86  164   30  172    1  236  162   23  214   77  188  180  190  182   37  148   25  249   52  234  160   86   85  178  114  214  139   10  115   13  166  213   54   77    5   33  198  106  250    7   22  249   42  183   51  161  153  135   70  228  153   58    9  230   61   34   54  206  122
 115    7   87  232  169   82  120  159  179  165  161  109  198  172  210   64   95  217  110   24  120  151  161  108  179  129   34   45  154   25   13  195  241   60  211   50   70   55   85   27   34  197   72   69   49  254  129  121   35  128  192  179  195   38  175  131  111  128  223   30  164   85  177   74
  35  200  236   29  145   40   32   97   76  233  158  121   42  246  232  109  177  214   85   84  251  215  128   99   32  196   43  208  117  114   14  108    4  145  125  160   84    0  192   65   48  188   51  179  228  182  189   98  184  146   99  150  169   91  231  209   55  191  212  242  116   51  212   33
  48   41  179  157   97   15  109   73   57   49  237  239  233   35  238  167   94   71   35    2  185  127  139   46  221   93  203  165  184  177   75   42  179   48  195  148  179   50  246   98   37  181  132   84  100   35   93  118  167  211   83  243  207   10  126   27  217  234  238  144   58   92  244   27
 169   73   81  133  196   81   32  246   10  250    5  198   46    9  138  237    1  158  205  106  184   84  204  208  186  212   50   10   93  135   69   39   62  152  150   36  207  248  107  139  227  198   75   20   99   62  165  204  215   16  192   60  156  131  133  236  102  254  213   72  187   35   98  210
 109  217  109   75   83   33  236  226   58  194   26   78  213  122  156  180   74  229  227   61   80  106   36   53  164  110   11  154  205   79   44  192  149    8   61   51    8  133   35  232   69  106   23   19  188   26  212  173  204   64  169  101   70    3   73  109   87  104   16   55   11  123  107  107
 254   89   32   26   96   65  183  243  182  171   22   52   28  235   56   76   39  164   65  166  118  153  129  117   70    6  178  148  172  179  244  224   77  102   25   29   30   12   67   16  198  112   89  226  254    8   39  106   30    4  111  146  196  136  254  182    5   76    4  124  165   96  230  105
 193  186   36  183   88  185  214  238   51  168    8  220   31   25    1  160  184  191   61   77  225  211  145  109  140  203  128  134  121  129  106  174   46  194  186   69  126  116  232   97   32  139  251  183   94    5  241  200  154   38  157   56  150  114  188  176   19  200   27  182  226  199  199   51
 207  144   92   57  113  191    5  209   84  169  173   58  208  109    8  243  145  111   68  227   16   49  157  190  203   70  237  240  190   92   87  196  166   80  132  208  153  233  193    7  161  162  148  223  237   66  118  147  130  212   95  109  244   63   32  172  142  190   66  174  141  195  170  153
   2   58  139  191   50  240  174  222  228  154  115  220   72   86  127    6   42   56   47   98  117  174   90  181  191   12   57   43  176   42  111   32    8   12   69  158  254  131  227  158   15  146  212  253    5  100   22  179    1  247  237  251  200  133   27   13  170   91  149   35  165  218  111   64
  69  235   75   69    1  235   76   46  168  183  164  208    3  128   79  143   46  204  194   34  251  143   43   67  102  234   79   77    7   50  180   73  244  159   87   82  239   72  128   23  133    6   55  166   86  151  126   91   52   60  155  238   16   81  200  223   21   81   82   77  201  115   18   99
 153   76  125   62  196   63  160   34   35   27   83   20  193  222   77  128  193  134  205  250  128   56  117  210   61  133  176  227  242  211   42   95  144   92   94  137   43  109  209  148  207    0  111  177   93   40  154  215  191   98  169   62  104  220  183  212   79   41  164  129  207   62  115   19
   4  239  200   23  161  173  142   40   79   72   75  219  237   24   14  221  244  148  198   84  180  131   57   81   22   23   47   32   49  103   37  126  209  147    5   19  102  240  181  239  222  212  171  180  157  129   17   28  184   80  167  118  193  156   52  211   69   34  102  252  235  135    5  177
 226  112   19  226   64   17  180   35   18  100   28    2   69   16   24  113   62  242  228   10   15  158  120  127  222  190   45    2  147   75   62   76  142  158   94   52   53  118   94   53  123   14   52  132   69  201   72  192   96  248  101   26  189  231  136  119   79   66  238  146   93   46   69  239
 187   54   24  250   73  249  199   48    9   29  111   59  182  228  205  114   36  201  136  199  129   36  216  158  116  249   20  119  116  196  125   29  166  150  169  131  193  194  201   44    3  254   71  131  132   38  142  203   51  157  234  131  174  203   61  226   77  158  226  112   72  243   30  220
 236  182  249  163  164  151   78   43  160  168    9   49  158  151   82  126   27   62   78  111  228  137  140   68  187  191   37  157  154  126  249   49   69   94  231   76   83  141  113  160  231   45  206   22   49   96  162   69  127  208   52  131    3  207  249  134   60  179  241  171  217   25  236  171
 128  196  216   32  189  206  168   79   45  146   69  207   20  224   43  183  102  152  184  224  209  168  196    2  174  200   25   61    9  248   88    7  212  213   16  149   61   38  212  103  253   18  157   37  232  242  170   55   52   72  241   22  116   71  202   47  102  123  123  138  213  192  239   27
 193   24  185   56   81  105  167   69  144  144  175   49  239  105  112  250  158  189  168   80   46   20   73  154  214  211  239   23  127   37  249  174  187  134  169   41    9   16   87  209  200   77  101   88   69   83  152  195  211  164   40  145   31   98    5  172  195  224  179  229  210   43  211  133
  69    3  104   85   61   76   10  145  117  153    4   45   49  193  250  245  104  187  197   77  159   35   34  165   31  107   27   52  224  107  204  207   76    4  238   29   41  159   94  202  219  115  214  207  227  164  212    6   77   61  119    8  141   60  143  138   69  244  153  152  146  223  118   49
 225    5  207   44  140  113   13  135   37   33  109  181   65   60  125  211  161  175  122  232   95   18  196  188   23  130  113   14  252   20  220   48  231   53  216   60  136    6  207  109  252  207  158  234  113  130  205  227   42   96  221  169   38  215   99   19  156  123   32  148   30  242  218  142
 178  108   44  138  108   63  157  235   95  207   85  200  212  222   76  211  166  155  146  237  147  227  193   56  166  200  159  191   90  111  223  245  108  171  113  241  101   68   11   17  135  104  115  167   90   76  128  212   66  162  118  235   75  242  175   58   56  213   87  100   84  210  102   27
 245  225   48   67  200  123   33  227  144    1  203   57  218  132  195   43  139  240    6   90   55   43   16   74  188   28  241   55  115   12   95   29   90   76  202   96   46  219  239  171   20  142   35   98   92  165   29  184  157  177   24   20   53  227   46   43  137  164  236  119   81   40  134   80
 146   50  113  245  228  201   83  171  247  231   56  227  231  191  136  177    4  174  251  111   64  149  122  216  186    2  211  254  112  239   98  175   84  171  253   81   13  143  183  174  112  144  134  207   85   31  152   59  171  206  101  150  227  161  155  224  167   50  163   27   25  150  116  127
 239  144    1   60   53  111   75  226  168   62  140  242  203   88  113    1   62   13   78   31  216  172  152  252  222   79  242   64  176  133  233  190   43   33   97  206  101  157  114   70  178   10  238  134  162  238   35  209   96  205   16   52   45  205  232   40   84  226  237   25  160   70   47  115
  57  186  126  139   33   69  239  145   39   33  237   99  152  249   75  106  208   56  121  167  245   45    0   80  151   64  198   69  130  180  189  215   99  210    4  209  254   18  125   43   88  233  198  211   56    9   90  109   73  130  158   22   90   35  198  175  249  194   50  188  253  240   44  241
 248  125   19  127  143   55    9  189  187  113   92    3  187  240  189   98  127   30  234   59  150   44  132   96  170  144  236   36   62  103  114  245  244  167  193  179  120  115  163  139  145   15  192  230   13   22   18  187  187  103  235  195   63   73  169  171  214   80   96   19   94   95  231  227
  32  203  128  102  132  142  246  231  229  253  175  196  142  228  207   27   35  201  220  168    5   22  126   31  131   24  111   16   13   31   23  207   56  199  105  181  231  228  230  241   49  101   50   40  210   59  234   88    5  190   47   65  200  173   85  160   40  170  237   40  132   54  204   52
  30  168  119   81  105  151   99  235  126    4  146  189  132  133   69   17   72   28  183   53   49  207  143  186   74  189   55    9   24  121    8  206   39   33  233   50  119  213   39   79  202   45   25  128   40    7  222   10  116   64  129  141  223  181  240  186  147  178  165   49   73   34  139  226
   5  124  221  135  131  135  232  232   40   14  204   89   50   18  149  233  133   74  128  206    6  130  126  228   77  175  153  184   93   42  250   88  144   83  235  107  248   10  161  178  125   26   84  253  158  171   90  152   29  157  150   94   80  223   58  155   67  176   47   97   39  201  239  234
 136   90  247   16  151   48  154   44   28  206   38  226   20  196  117  177   22    1  147  105  107   72  156  156  103  229   69  155   53   37   94   52   96  119  168  170  113  141  110   21   13   16   11  100  126  134   36   80  242   45   97  215   45   41   60   92  105  106   31   85  139  211    2  131
  66  115  192   80   48  108   55  140   17  237   70   64   64   15  244   18  227  220   74  173  132  176   67  107   27    4  196  177    0   38  174   79   76  142  101   42   21  103  185  136  216   94   51   74  179  101  176  146  167  137   89  214  157  195    2  107  157   24   74   16   43  150  183   37
 141  232  109   70  177  128   76  114   98  155  238   11  117  119  196  231  248  196   38   58  196  241  137  159  180  242   29  254   10  149  127  181  177   62  182  253  241  152   91  243  207  180  245  182   81   74  169  202  206  143   27  156  166   61  254  110  218  195  167  102   50  112  171   96
 234  254  202   33   61   79   13  209  190  194  189   52   67   81  160   71  197   30  222  220   43   59  155   89   49  121   41   88  251   58   28   76   54   18  186  153   17   41  171   65  164   53   90   87   68   92  139   67  214  248  111  221  181   37   93  103   53   20   73  194  251   84  200  115
 222  108  163  167  111  209  114  127    1  158  114   84   71   93  196   85  176  210   63  181  156   72  203  168   65   76   82  122   99   21   90   70  186  207  189  232   52  231  186  190   67  198   76  146   50  177  111  233  133   10  212  194  142   33   30   96  177   58  187   56   38  116    8  157
 216   23  254  187   51   76    0  199  113  155  167   19  133  199   43   43  157  224  162   67    4  211   25   56  245  166  116  132   40  123  233  221   73  239   15   57   85   65  234   72   94  222    6  195  123   52   40   38  102  207    9   64  218   29  234  177  219  212  172   15  221   56  194  130
  70  133   45  228  230  154  247  105   53   19  118  191  120  230    7  111   25  159   51   80    1  234  111  145   34  105   42  151  242  216   15  191    0   47   18  174   80   28  105   87  227  195  254  184   91   15   73  118  242  233   10  227  139   44   91  106  237   76   88    1  205   54  112    6
 166  165  102   30  155  190  108  221   95   71  186  153  216  116   45  182   31   20   98   83  119   47  145   80  208  229    9   54  127   56  178  215  135  191  200  192  105  154  175  169   16  150   41   23  101  248   34  161  177   78    2  128  143  121  134  155   59   99  168  117  149  219  157   40
 138   48  217   35  166   57   55  234  158   63   33  129  173   29  117   80  148  116  228   53   46   47  226   57  212   86  243  110  155  153  223  248  125  126  171  228  179   36  106  186  194    3  135   31    5   11  191  153   18   51   80  124  169   44  158  137  121   13  253    4  216  102   39   46
 224  252  161  160  210  169    0  179  253   83  119  135  107  141  157   89  230   27  137    6  106  195   42  109  129  192  228  193   46   58  114   86   58   77  104   17  217  232  129    2  238  102  225  181   91  161  183   71  225  173   18  219  232   35  201   88  162   91  183  252   99    7  253  173
  60   14   52   58   85   12    2  200    1  102  173  209  244  201   66  200  136   89  220   57   87  143   44  219  147    8   12   16  179   52   14  223  250  159    6   63  180  251  209  177  180   81   70   87  118   91   64  252  157  128  162  183   37   57   30  188  191  160   92   47    8   18  197   53
 200  159   33  168  130  198   29   80   30  124  142  199    5   68  129  216   99  217  125  117  177   51  150  239   99  183  178  148  145   63  208   95  165  170   91  156  217  151  210    6   90  168  139  144   65   35  163   85  197   51   45   24   18   58   61  173   23   40   33  107   16  191  251  180
  44   33  101   99  113  251  159    3   14   47  182  233   56  143  108  147   84  158  185  226   81  250   41   60   16  204  123   13   86   82  197  107  233  219   18  250  196  213   56   53  167  173  216   97  193   39   73   64  143  147   68  195    8  170  240  133   91  249   74  244  159   20   88   25
  46   28  114  237  126   86  167   70  130  229   83  154   89  152   45   20   90   78  100  130  103   73  151   16   34  207   11   26  211  191  205  127  108  111   20  104  125  117  129   70    2  228   22  127   63  159  173  105  203  200  159   31  171   17   53    2   73   74   35  127   19  228   10   65
  48  190   59  134  103   52   30  207  186   87   64   66  197  208  226  222  129  192  226   47   20  231  136  104   96  162  192    4  114  165  195  193   55   41  157  243  227  108    7  182    9   87  120  152  188   83   66   12   97  205  144  128   62  216  187  209   79    4    8  254  171   67    8  159
   0   13   27  242   40  130  169   89   33   60  182  134  211  163  130   70  168   15  147    0  175   19  245  141  241  111   50   96   21  129  253   16  121   98   76  166  250  220  139   95   26  109  202  248  202  247  103   48  185  159  147  187   54  143   86  137  101   18   59   30  203  183    1  124
 176   60  111   82   77  151  100  157  183   20  179  120  182  200  118  232  126  185   45  133    0   69  138   20   35    3  177   20  182  221  185  208   81  178  166   85  195  199   60   24  205  178   47   55   17  105  204  105  138  213  156  226  160  234    3    0   38  193  222   65   99  126   99  161
 251  148  156   19  225  145  241  250  176   63  162   52   39   90  118  230   42  114   47  210  206  199   88   45  115  239   10  220  232  152   86  248  227  252  177  141  149    7   13   14   19   91  226  150  225   14  170   27  165  106  215  219   92  136  124   95   11  185  146   83  211  156   42   22
  88   74  109  165  225  102   94  182  142  138   85   32  233  254   54   20  123   33  162   21   48  228   84  168   36  152  120  128  105  186  177  204  111   97  111   27   62  105  181  134   28   58  213  129  217  156   57  137   87   54  226   62   78  203  183  105  214  252  224   64   56  100  218  185
  48  137  138   76  173  162   37   10   43  109   65  146  240  101  185  108  175  215   92   50  189   38  125  202  243  180  130  217  191  234  230  182  214  155   38   65    2  166   86  138  108   37   88   17    0  108  249  194  192   30  161  153  254   26  205    1  173   47   95   31  103  241   27  105
 226   33   97  140   88   29  135   27   78   56  144  156  150  238  151   48  164  159  253  142  125  181   84  135   58    7   51   61  244   18   74  237  167  250  187  118   19  153  204  181    2   59  185  187  231   91  188   10  202   83   96  217  228  163  179   12   60  216   61   34  235  251   57  232
 250  237  201   60   72   21   93  219  132  106  125  123  155   59   47    5  211  100  229   97  124  196  233  233    5  200   68  105   50   29   80   39  155   19  230    7   81  114  159   36   12   36  189  240   78   88   12   74  216   27   24   97   69   63   95  159  130   68   90  217  218   69   89  107
  63  125  221   63   48  248  209  137   73  187  110  102  118  219  158  123  253   66   12   11   84  148  121  231  188   47   79  156   40  164  102  158  223   11  249  127   12  247    3   36  210  242  166   51  136  127  151   64  201    5  170   43  217   79   11   68  222   19  138  100   37  166  209  250
 219  206   76  112  234    4   26   14   42  109   10  194  254  100   79  181  246  186  238  145  123  103  189  169  178   31  227   89  167    6  195  130   54  122  181  150  164  121   59  209   95    1  251  128  102  111  191   70  139   87   41    2  118  207  163    7  128   86  239   25   44   98  188  184
 130  238   87   34  230  230  159  176   59  137  160   59  147  131   78  250  121  207  147  244  115   99  105  153  183  172  103   42   21  185   15   82  114   43   58  202  180   63  100  150  137  103  158   78  124  107  169   35   32  240   52  244  237  103  222   57  107  102  214  172  172   71   98   34
 115  155  130  155   23  215   80   73   85  203  106  132   40  176  164  212  199   42  161  113   54    1  214   72  163   75  189    0  137  153  223  149  138  108  144    6   53    6   35  211  229  146   78  109  112   87   51    9  237  147  246  234   76  211  237  139  134   11  108  183  110  105  217    0
 135   76   81  116  237  191  142    9  151   56   89  138    3  236  253  192  221  220  163  104  200  146  143  106  143  189  227  103  178  170  135  156    8   67  146  218  105   51  161   90  251  179   19  106   48   47   38  236   89   99  119   81   10   33   63  212   47  190  130   78   27  247  189   73
  68   17  112   16   63  127    5  239  207  121    6  144   70   53  117   67  228   62  153  122   55  252   30  145   42  195   58   93  116  194  186  159    9  162  192  166   38  194  124  214  142   26  205  104   36  156  142  180  110  245   44  211  239  201  136   45  150   38   48   62   27   70   45  193
  57   41   13  202   36   14   70  115  143  210   73  168  156  122   89  199   57  212  154  156  183    4   68  161  162  106   86   30  184  127  111   94   18  167   42  117  215   93  139   63  206   48  161  181   96  197  119   38   53  123   98   23   72  139   86   77   16  134  123  251  121  250   91  128
 220   61   76  122  163    1  148  125   10  150   90  253  118  155   61  172  254   25  182  205  111  102   13   26  237  191  161  167  134  220   95  164  116  120   96  254   87   11  201   26    9  210  252   99   50   85  254   40  176  244  128  113  183  162   63  239  231  167  183   76   38  195  114   63
 207  247  100   23  107  122   38   91    9   45    8  101   33   64  206   48  157  125   93   65  139   91  102   89  246   28  145   69   85  249  132   73  238  141   17  171   11  152  251  245   40  170   53   61  172  178   39  136  172   54  180  163   16  172   22  226  128  124  168    5   20   99  189  250
  53   78  141  213  233  215  254  238  200  155  204   15  217   93  181  141   19  231  168  100   13  101  103  140   22  183  151  182  106  190  207   60  230  243  201    7   29  194   90  221  190   88   63   42  114   20  134  241  151  229  225   11   42  212   79  194   21  254   73  211  189  209  138   50
 215   48  188   11  193  105  171  242  219   81    6  158  100   71   55  164  122  193  196   53   25    8  228  139   80   30  229   76  202  122  248   44   98  158   96  202  221  208  246   34  117  189  136   11  138   59  158  162   71  139    2   39    9  204  132    2  116   75    1   28  226  173  240   95
 157  235   30   96  121  243  202  165  112   44  249   92   78  138  181  192  192  209  101   35   72  141  144  101  186  136  127   56  150   45  197   78   92  214  243  120  198  111   89  140   80  100  199  120   96   95  241  240  154  108   81  144   50    2  160  128  245    4  225  180   33  107   24   53
  13  198  116   77  151  212  224  182   94  135   98   26    9  148  192  163  216   18   77   97  183  214   82  240  252   33  187   27  151   67  238  181  132  242   85   75  159   59  101  155   61   40  127  148   37  134   18  102   46  245  179   91  234  248   26  141  234    2   12   42   23   37  184  210
