  21 -252 -198 -172  137  157   10  140
 -45  186 -115 -186  153  -13   -1  198
  33   15    8 -109 -162  165  149    6
-246  215 -246 -205  154 -160  -54  -30
  50  162  138    4  -94 -131 -253 -132
 -30  143   58 -163   56  120  135  -30
 -24  -38 -237  172  163  233   26 -163
 213  -11  -57  -97  -61   90 -175  151
 115  -93  -11   10  -91   11  143  189
-154  218 -234 -104  -35  163  179  190
 -82 -147   56 -221 -239 -145 -124   39
 -55 -168 -107   59    4 -128 -175   12
  81  172 -176  -49 -137  179   82   37
 -67   96  214   -7  118  221 -249  118
 170 -157   91  225   13  220   66  241
 211   17   68  -26  244  205   -5  109
   8 -162  -68  215 -197  -99 -221  -82
 108 -168   32  194  -21 -210  182 -142
 140  -22  108  190  231   54   88  243
-225 -143  -65  149  220   66   47 -242
 224 -110  190 -109 -101 -100   96 -116
-153  105  173  -87  229  -55 -128  135
 142  225  -66  -36  -11 -227  -55   73
-152  152 -105 -220  180 -136  -13   65
  -3  147  -16 -147  242 -186 -192   85
 149 -213  111 -107    3 -247  209  -64
 191    9  164   18  -50  209 -246   96
  64   29  -11  249 -180  179  -61 -232
-234  179 -202  234  124   -9 -149  106
 -19  188 -158 -118  133  140  175  174
 -32  -34 -253   79   52  106 -185   -6
  19 -157 -135  197  179 -253  169   91
