 -61   13 -178  118 -194   74 -112 -200   31  212  231   94  148 -158  116  162 -140 -232 -204   89  148  245    9 -186   15 -176  -69  -88  -54  -80 -152  241 -249 -178   69  229 -208  110  -33   23   33   51  -58  111   13  150  -52   27   19  152  -94   67 -190   61  221  -18   15   97   86  -75   44  -28  160  206
  24 -227   30 -124  231 -197 -117 -137 -168 -130 -246  230    6  235  -35  -78   -7 -104 -133  115 -233 -212 -171 -183 -153  167  112   55  186  153   85  175  176  -55  -44  -68  -81    9  -86  -40   -7   27  -33  194   20  149   81  174  248 -102 -103  219  -23 -158  -52  144 -236   85 -170   37 -134   78 -157 -114
-178  251 -192  173  -77 -156  -65   52  224  -89 -160    1   19   97  -95 -125   -4   96   56  -76  -28   -7  142  -37  -52  190  198   53 -163  -19  -91 -162  144  126  224  157   47  -49  133 -197  127   28  173  189    9  172  236  189   43 -223   62 -105  -82 -136  201  227 -247 -154 -212 -100 -187  234 -217 -118
 191  114 -120  -72 -140   29  171  221   12  130  186 -154  -83   37 -155  -98   91 -216 -107  122   55   -6 -167 -252  171 -220 -126 -187   54   62  -81 -243   -1  -25 -103  -29 -185  -26    4  -38 -176  -57  158  155  -90  154  -42   70  126 -217 -127  -27  231  -91  162 -135  -43  222  -89 -196   59  -74   62  193
-224 -227 -159 -226  -85  -39  -64  157  -77   88 -140 -190   15  215 -161  224  222   15  145  252 -111  105 -163  151  157    8  140   27    3  -46 -143  237  -69  213 -199  181 -150   68 -152  192 -156  125 -101  132  165   -1   65  186  -98  232  177   30  154  -58  166 -126 -253  160 -206  -78  103 -239  249   90
 202  239 -236   64  172  246  227  148  -46   13  145  -55 -194 -112  138 -222  215  176 -224  178  197  189   93 -124 -219 -172  174   63  -91  196   63  -28 -193 -236  166 -113   89  230  233  152 -167 -246 -229  176  121 -231 -168   71  -86  106   48  204  174 -112  -40    2   56 -198  181   70  234  184  209  -79
-150 -171  -95  181  -59  219  251  202  -25  243   38 -253 -238 -197    1  150 -211 -195 -205  107  178  -38   74   71   78   96  -77   -8 -146   28  205 -141  -48  -92  228  220   30  -63 -174 -188 -247 -227   68 -247  182 -244  -52   80  193  205   59  -74  117   20   56  -61 -246  -91 -248 -143   -4   59  -67   74
  26  164  -99  -86  -44 -198 -211  228   93   60  139  -62 -223 -249 -136 -255  122 -167 -139   76  -45 -142   50   67  -38  163 -137   -1  -38   61  -78 -207  231  -95 -248   49  171  -16  -40 -159 -206 -161  218   58   16  -21   -9   -3  124  133  -32  212  228   16 -186   50  -55  230   37   44 -187  -73  -61  171
 196 -159 -131  254   42  -82 -234  -43 -171  217   51  -89   76 -165  -99   85 -237 -142   52  226  -86 -238  218 -235 -199  234   94  211  -43  -26   -4 -119  229 -109  -93  109  -32 -233 -205 -151  122  119  -12 -102  -46   42 -175  -34   65 -147 -247  194  -74   23  220 -124   37  174  185  174  145 -207  194  239
-229 -152  157 -231 -250 -192  -90   87   72 -136   -9  249  105   47 -208 -141  -88  -90  -10   90 -140  -12  217  181  -39 -137  243 -190 -218  -10   93  -65  123  -70 -249  222   48  254  203  140    3 -217  194 -137 -245  220  206  129   85   43 -234 -230 -105  155  163  -57  -46   15 -138  197   80  228 -203   93
 245  220  252  216  -92  199    8  -74    6  -55 -133  150  -66  -36  221 -156   45 -138 -240 -109  167  108  114 -121  -31  -97 -157  -59   35 -195 -112 -127 -136   24   85    3   62  144 -225 -251  147  129  137  229  -93   14 -182   -6 -161  213   16 -101 -218 -108   85  -34 -106 -215   16  109  195  195 -133   13
 226  110  247  -59  208  148    9   79   34   18 -193   92  -24   67  -59   19 -214 -217  207  124 -237   92 -102  180   51 -228  -52  -98   36  157  186  229  232 -213 -255  -69   85  151 -200 -144 -108 -141 -174  -53   34 -171 -119 -243   16   12 -115 -111 -182   91  155   55 -152 -255   63  100   17   40   79  120
-100 -108  104  -76 -119 -159  -23  134   57   30  226 -122 -147 -113  214 -235  -84 -112 -244   14  113  148  112  -32  -25 -226  208  185 -115 -237  -48  -65  161   17  248    4  145   38   45  200  195 -198   33  104 -131 -185 -227 -149  159 -172 -100 -251 -150 -223 -137 -243   83  -85 -252   69  -76 -253 -102   77
-156 -155   95 -148 -241   44 -135   78  -76 -103   24  -46  106  116  -24  156   10 -250 -177 -200   -9  161  -54  222   63 -155  108  -29 -180 -172 -130   41  -78 -227  152   68 -140  207   44  133  211  117  180 -129 -188 -147    2  -67  -41  -25  136  222   10  -37  135  -86 -176  192 -197  176 -222   18  220   86
 -87  244  254   73  187 -157  116 -146  146   28  198 -237  124 -159  -55  -16 -219  232   75  -14 -188 -104  210  123  208  -65  146   -3  196  226   25  -14   18 -187  -20   16  228  -81  -26   72 -221   68 -203 -144 -207 -209   61 -228  215 -203 -131 -186  100 -222  248 -208 -232  -41  190 -181   10  187  169  199
  89  200  132   -9 -223 -239  232  -82 -135   42 -211   94 -175   -2  194   30 -105 -135  247   52  -83  207  -41 -238  -71 -191   82  -89  186  -83  159   86 -240 -221 -161 -137  -91  -52   34   89 -221 -194 -105  202  156 -251  -26 -126  203  -99 -137  150 -145 -126  -74   78   13  -28  254 -123 -230   10 -235   36
 123    9  250  -30 -208   20 -248 -203  136  136 -218  244  235  -35  117 -107 -142  -90  217  -54 -176  -70 -197  223 -218  142  167   64 -216  250 -203  -81 -232   92  185 -158  139 -211  249  223  142 -180   36  204 -143 -221   79  -42 -184  243 -130  107   59  185  116  213   39  -52 -106    6  114  129  165 -200
 136   34  220 -103  -56 -145   13  225  196 -159  192  -56  219   24   40 -113  -47   77  114  -34 -213  143   68 -179   91  -30 -183  -38  103  -99  -19  -50   43  181 -171   49  -59  -84 -229 -211  212   32 -148  221  209  155 -108  -34 -173  217   84 -109   51  -38  -10 -157  138 -227 -133  130  196 -125  247  -22
 -28  172   62  250  209  114   22  -19 -234 -168  -53  -31  -21   67  130  188  197  148  244  -36   18 -187 -114 -189  -29  196  236  -87 -103  208  233  -69  136  179 -226 -246  238 -252 -180   65   62  242 -139  196 -150  -49  -62  232  146  -30  145  -78  169    4  -35  -87  -59  120 -138  125  -55  -56  -12  -92
-185   84 -185 -151  187   42  241   72  -13 -157  242  179    8   82 -202  135  180  208 -219  140  -77 -255  200  144 -103 -227    1  -59    8 -178 -195 -124  181  237  183 -127  231 -176 -150 -203   58   10  -35 -120   80  118  169  -49 -125    6  178  -12 -116  173  162 -245  -32 -143  211   50  129 -177   22   -8
 133  -93 -116  -49   63 -172 -139 -214   21  216 -188   16   22  -44  215 -241  -43 -126  237  172 -167   60    7  103  145  -17  188 -144   46  -47  -65  208  209  165   82 -215 -174  -46  136  -60   88  232  141  237  194   12 -194   50  -66  200   13  233 -100   41    8  -62 -157  213  -19  206  -90 -154 -236 -129
  80  131 -197  123  123 -248  -64  -37 -215  198   30 -108  194 -114  246   56   99 -125    3 -247   59 -236   34  -90  -89  -34  151  -29 -129 -247  -22    4  110   60   35   28  141  121  182  135  -46  -98  -85  106  162 -214 -232   71  231  183 -227  122  -97 -186   -3 -210   62  104  195  239  -58  206  233   70
  53  134 -148  170  -79   86  -93  126   59 -159 -120  156  190   -3  110  -87  246  177  139  238  120  176 -243 -114  -10  149    5  182 -212 -120   71  -19  -84 -116 -226 -201   31  126  244  -94 -106   21   27  207  254 -152   49  214  -11  151 -189 -228  155  171 -114  -40 -116 -111  100  -89   25  -85  122 -208
-132 -138 -193  236 -156 -157   66  165 -113  -83    1 -125  137 -252  -53  232 -172 -232  -78 -128  230   17   94 -137 -141 -181   17   15   19  -57  128  -49  249 -142  162  253  199 -205  161  116  190  -88 -250   20 -256 -166 -185 -112  219 -241  -59 -231  -88 -120  174  -97  132 -141 -166 -192 -202 -142  -61  177
 206   86  -33 -160  236    4 -186   36 -155  141   36  243  107   43 -126 -103  186 -110   60   44 -210    1 -111  -20  244  166  203  147 -107  -79  111   81 -222   -8  250 -117  -86 -244 -185  -84 -198   45  -15  144 -175  151  -83 -241   -6  126  187  231   91 -167  123  120 -187  239 -144  203  -78 -162   81  -20
-165  157  135 -113    2  -33  239   51  155 -169  229  195 -181 -135   85 -201  -96  215  -34   85 -206  243  100   67  -27  -47 -121 -145  -68 -109 -240  -15  -39   39  210 -127  238  119 -148  -55   38 -210 -238  -53 -237   67  -18   96   60  -34  142 -109  -38 -124  212  -38   71 -152 -195 -239   84 -204  120  182
 163  183 -210  119  211  146 -123  -38  221 -177  104 -104 -170 -129  224 -220   87   69  128 -256  182  249   17  212   22 -231  -53 -254  -75   23  -67  158    6 -211 -221  115  223   51  204 -214 -134  230   67  -39  -73  235 -213  -88   75 -200   38   52  234  -28   86 -199  -27 -172 -120  180   16    3  138 -217
  84   36  235  207 -158   62  -55   40   11 -132  179 -156 -256  169  233 -170 -169  -96  -21   76 -148 -223  -13   77 -229  118 -116  -55 -249 -108  -27 -166 -200   38  237   72 -107  -10  -57   24 -175  -36  233   72  250  170  151 -181   12 -177   63   81  173  -76  101  195  114  -45   40 -120  101   98  -36 -171
-230  103 -204  121  113  217 -142 -100 -143 -100  142  150  138 -124  -23  241 -124  -29  104   78  -96 -138  -82   67 -248   69  -34 -232  193  134 -190  119  148 -238  -84 -196 -244   70  100  -78  108   50 -253  177   19  231   -2    1  -16 -230  133  -30  171 -209  248  -80  142   98  -35  240 -119   83   92   -6
  71  204 -192   86  -98  -13   89 -228   92   47  184  147   66   80 -194  233  -63  221  207  -49   94  171 -207   95  158 -221  192   21  148  244 -112  111  218  -49 -165 -216  206  163  239 -161  209  210 -243  -78 -112    9  238  202  254  163   28  -71  249  183 -248  140 -252  -46  121  -37  112  161  -87  -24
 -17  165 -153 -125   89 -157 -178   89 -247    3 -232   38   28 -209 -109  -31  -70  117 -108 -211   72 -178   56 -243   95   88 -238   34  107  193  213  177 -137  235   25 -183  198 -229  243 -195 -117  228  -94  118  130  -62 -166    2  -50  165 -161  204   43  -88  -54  175   68  163   25 -128 -121 -153  195   38
 -97 -104   47 -195 -146  -97 -227 -214  -91  224  109  -58   98 -138   40   47  201  -23 -228 -214 -234   57  181 -132  192   89  -65  140  125 -217  127   52   52   12  233   32  160  -38  142  165  153  231  -41 -102   88 -235  201  194  -20  -73 -111  -66  216 -193  239 -242 -197  -72  216   73   13 -172 -127 -177
