  13  211  -89   71 -173 -176  171    2 -249 -213   23  120 -231  -80  -66 -189
 -83  180  -89 -256  240  -54 -150 -158  115 -222 -235  -66  196  146  207 -139
  80 -216   30  183 -213  177 -213   -6  223   22  228 -255   23 -193   -2  114
  81 -230  -33  206  156 -149  -37  -22  -31  -69 -159   19 -101 -100  149  152
 -98 -204  -57   91  226   28    1   79 -216   41  113   17    1   88  -50   89
  95  233  -42 -191 -223   98  -55 -219  182    1  120 -216  -92  186 -191   69
 -11 -248  131  -24 -152 -203  -98  197  -20  252  -78 -180   26 -256  -95 -215
 -51 -158  146 -144 -226  184 -113  171  -32 -120  -64   45  -76   23  179  -74
  54   75  -63   -3 -212 -218  -66    7  227  -58   22 -202  119  114    1  202
 -67  112 -168  119 -183  119 -127   34 -133  135    9 -163   32  -13  178  249
-207    8  152   19  195  -68 -218  -39 -190  124  156 -190 -165  211  -28  -14
-124  108  172 -168 -227  123 -114  -51  178  -76  -74    0   -8  -67   92 -213
  64   16  186   88   67 -128  -90  -20 -231  120 -120  149  -59 -233  -76 -191
-121   30 -215 -105  -52  121  221 -178    4  159   51    3 -228 -173  206  215
-181  -31  215  -55  -51 -215   89  223  208  158  218  -17 -195 -110 -225  112
  54  143 -207   34  -84   -3  218  -28   -4   55  -38  -72   82   64  110  222
