 116 -233 -238 -173  -71  141 -253 -224  -60  149  192 -228   -5 -246 -193 -191   22   65 -142  225 -153    4   -6 -119 -133 -247 -228  133 -102  230   82  212
 -39 -100   80  190  240  176  -29  -87 -212  188 -180  -20  -93   23 -113   10  -58    7 -122  -91   37  123  -60  115   -6  -86  142  106  190 -138   66   30
  31  142  151 -224   20  -79 -155    8  159 -215 -169  -92   53  165  108   21  137   93  -17  -62  -60  227  157  -83  -23  154 -237  137  130  213    0 -102
-213  134   78  -38  112  -47  -99   85   82 -217 -203  -20   65  201  -26  139 -206   30  127  -41   68 -160 -101   53 -222 -120 -237 -189    0   30  105  -46
 105  243   40  240 -193    9  172   97 -127  182  -59  182 -205  192  -29  153  -82 -204  -61   63  224 -166  152  -13  151 -176   15 -131 -208   19  213  -17
 102 -173 -204  -98 -196  161  182  -83  -77  188  215  -21  -76  213  -15  181 -253  -88   41  221  -39  -12  -60  146 -186  229  -24 -232 -177 -233   64  147
-249  164  172   46 -169  -49   74 -195 -256   37   99  235  212  -89   71 -121  194 -113  254  224  -81  242   30  249   79  180   13   22  186   32  150 -134
-126  185  181 -241  108 -132 -231  -78  -56   52 -190 -172 -172  -76   92 -158 -145   23   61   53   64  121  -97  113 -162  248 -120   39 -104 -121   84  -10
-175 -166  184 -133  114 -241  -38 -151  131 -205 -214   46  227 -210  -26 -183  208 -108 -152  225  117  153  -62 -181 -226 -125 -201 -233 -146  223   63   90
 -69 -252   65  -98 -108  234  145  198 -171 -185   64  -10  123 -238  203  -16  -48  120 -186  164   46 -247   42  -65  -79   39  103   69  -32  121  -68  -91
 -45   69  249  121 -111 -137 -175 -226  -22 -155 -133  -10  125  228 -115  156 -133   10  -63 -141 -252   12  184   -9 -158  225  -90  -89 -177  -46 -204  217
-181 -176  176 -247 -244   68   92   34  203   71 -116  100  230  -87  237  -44 -160 -201  229  178  193   97  188  141 -137 -117  253  146  154  236  148 -186
 167 -221 -220 -111  214   66   18 -122 -123 -117  187  109    1  225  -71  -83 -158  197  240   65 -187  -94  154    6  251 -215 -182   -3  241  134   87 -106
-205 -237 -161 -191  -43  -11  163  163  172  108  -36 -197 -143  -59  225  -11  227   47   -1 -141  -73   -7   54   54   30 -150   53 -188  194  135  194  164
 161  -40  110  169  251  183  127  -15   55   99  122  175  -82  222  111  -90 -106  105 -240  165 -196   23  148  201 -247 -117  -53  233 -226 -154  123  -64
  63  -68  -38 -242 -255  246  135  210  184   85  186 -238 -233 -173 -189   54  -89  106  203  -70  156  150 -228   71 -149   93  -64  119 -246  138 -160   -9
  97 -211 -139 -152 -202  150  103 -248 -189   88 -193 -153  117 -230 -104  -67  -95  139   89  135 -105   -8 -138  -89   -7 -133  -41 -172 -230  101  -16  221
-231 -190  156  241   16  102  157  -18  -62   66   64  111   77  247  -85  241  246 -192 -149  143  -68   62 -224  106 -186  204 -108 -180   53 -154  167 -147
-138 -190 -242  156  216 -231   66  157   66 -133 -194 -222   79 -196   -8 -116 -141 -255  151   23  -89 -136  -70   45  138 -226  205 -105 -122  207  195    6
 -89  -56 -145   -3  -84   74  231 -180  120 -160  -32  124   -3 -235   -3 -128  232  131 -141  -72  238  121   83  126  239  235  136   -5   25  245  185  157
 -52   24 -125   -7  217   44 -256  183 -174  200  199    9   36 -186  202 -244 -162  136 -234 -183  -45 -204 -237 -205  102 -226 -191  167   20   45 -174   20
-107 -153 -239  -50  -44   32 -161  221   56  102  112   -1  139   62  100  151 -252   73   70 -138   49  178 -181 -215 -115  204 -227   57 -194 -153  251 -190
  50   58  -19 -249  118  -32   66  -61  -82  190  203   75   26 -122  142  141   -6  -36  223  -94  -44   62   50   85   -1  -91  -26 -140  175 -247  -18 -115
-224  -76 -130   20  132   43 -215  109   78  -30 -174  233   64 -186  -33  172  129 -110   99  -60  179  -83 -224   14  -65 -116   10  -65  198   95  228  191
 176 -251 -161  122  194   56 -214 -237 -243 -129   22   83  -61 -143 -183   30  110  -51    1   18  119 -249 -181  204  -16   41   -8   57 -129  212 -174   69
-182  208 -158   39 -236   50  150  -75  214 -217 -101  157 -242  -79   74  133  156 -161   55  220   43   13   -3  -63  -96  -27   11  108  104   93 -117 -122
  39   54  251  247 -253  -82  201   68  -65   92 -181  -16  144  148  115 -242  243 -122 -222   94 -222  -66  171   67   67  196  238  -69  -81 -144  218   99
  -8  238  229   90  -57  -62 -166 -196  -75  204   85  198 -183  195  239  -36 -141 -211  106   96  139  -90 -241  -29 -112 -181  115   90   90  137  -31   91
 197  190  241  183   86  247   82  -95  101 -227  201 -163  187 -211 -242  199  -94  -78  247  225 -101  113  171   -9    7   -7  -11   49  -94   76   92  208
-188   22   89  153   80  -51  166 -224  117 -229  -72  162   84  -12 -213   98  -81  239  181 -209  170 -149   62  100 -101  173  242  -67  143  170  159  139
 159   48  -26  -27 -119  219  -88   11  150  236  -37   13  -78 -101  168  -31  -63  125   72   95 -220  -65  233 -106 -134 -117   77   14 -118  -46  -27   81
 120  235   66 -187  140  230   77   58  -89  235   82  -26 -255  106 -168  -28  197  125  120  -76   99 -178  112 -181 -200 -116 -135  234   -2   10  237  102
