 180 -187 -220 -206
-255  191  131 -194
  65  217  -63 -163
-145  -27  235   37
 -82 -143 -248   -6
 -56  225   -1  -38
   4  156 -102  -70
  37 -127  -80 -234
  26 -164  -19 -146
  56 -110 -237 -121
  20   68 -142 -256
-240    3 -151 -132
 163    5 -191   80
   1 -237  -73 -145
 118    6  -27  -51
  38  204  -59  -70
 209   16  231 -163
 205 -217  246 -231
 219  135 -174 -109
 178 -127 -226 -216
-210  212   -2  -35
 191  -41  144 -143
-123  -52   50  125
-119    5 -211    2
-161 -103  170  -30
-239   73 -140 -184
  30  -80  222   -9
-182 -103  115 -230
-111  -76   95 -179
-158 -154 -213 -218
 -56   18  120 -188
  62 -136   97 -152
