 190  -40  250  -75   36  225 -231   37 -157  221 -106 -132  126   84  241  -36  120  246  188    8   53   51  140   -1 -177 -107  252 -193 -201 -146   83 -131
 -43  -77   79   89 -153  -81  209  153  242  165 -234  206   74  -82  -86   94  -75    4  155   81   82   58   26 -195 -145 -125  212 -124  -33 -186   95  118
 119  -12 -201  -41  -57  -78 -109 -187   97  116  236 -149  172  143 -126  102  -37   99  -16  184   52    3   38  103  220  226 -147 -157   22  -76 -232 -169
  79    3 -151 -179  -71 -166  152  252 -216 -196  -67   93  224  240 -162   94 -140  -78 -110 -154   67  -53   90  -67   24  164 -186  188 -230 -242 -216  -74
-176 -163   62  -23 -233   34  191 -215  245 -211  128   57 -229 -172  118 -135 -107  234  114  -37   51  248  -90  -91 -211  -95   10 -139  138   66  -31   93
-191   -2 -112   80  169 -237   70  -85 -142  -43 -120  -96 -124  166  -29 -170  235 -174   98  -40  -89 -190  146  106  -12  -19  166  250  165  -53 -156    0
-130 -132 -252   27 -114   98  186  140  -64 -204 -242  -83  152   -7 -108  -19 -120  -32   27  145  -46  245 -223  136   28 -210 -107  -23    1 -107   84   74
 185 -111   24  220  233   82  -65 -245 -113  241 -232  196 -251 -233  -66 -231    7  160  193  -68  -38  -30  -52   30  -90  103  154 -252 -174   92  240  237
-150    4 -176  164 -138  141   39   90  106 -240 -113  118  -73   -6  220 -192  166 -192   42  151  225 -204  153  -35  131  -35   -2   90  133  153  247 -103
 109  -46  130 -160   99  128  -32  120   -8  177   75 -149  -64  227 -108  -14   94 -152  126 -155  -96  178 -221  236 -142  -71 -197 -157  -48 -237 -186   39
 114 -231  243  -89  150  -77  -50  197    7   75  -27 -150  184 -174 -194  -75 -134  -17 -181  -25   18  -72  157  128  112 -182  194 -255  181   48  -30  -98
-123   82  199  107 -173  143 -197   -4  -69   14   27 -144  155   88 -159  119  102  164  -67  232  -50  204   29 -198 -246  -79 -166    5 -198 -251 -255 -247
 -33 -215  -16  209 -100  243 -144   22   92   92  -63 -228 -163  116 -244  197 -191  -56  148  146  101 -180 -177  -55  159  -49  186 -144   54   79 -208 -103
  16  -27  240   72 -178  -67 -254  -79  209   76 -249 -171 -190 -254  -55 -115  224  -26  213  246  237 -157  147 -218  -42   23  240  178   77  -40  153  -77
-125 -119 -169 -244  -69  -86 -206  142 -149 -183  -83  -15  -83   93 -228  -74  -61  140   41   70  -25  102  195   -1    4  196  198   26   87 -171 -103  243
-148  -63   96   55  154 -244 -252  159  148   -7  -63  -24 -107   81  150 -122 -106  218 -131   36   79 -156  -28   44   87  105   98  -39  -98  231  -58  -96
