-242  156  -89  207 -132   24  -40   21  240 -228  118  -63  -43   37 -170 -172  226  -15  195 -204   77  -57  222   30   27 -174   36  -30  220   69  -51  239
 185  142  198 -228  151  202  -20  -59 -125 -251  227  -52  -67 -150  230  107 -241  -10 -253 -104    2  122   46  -68  -76   29  128 -217 -168  232  196  -63
  51  106    5 -233   -8 -142 -102  -41  250  145 -184   85 -245  167 -137 -216  -12  225   25 -197 -215  -99  101  118  149  -31 -126   33   10  -68 -143  212
 207 -204  -48 -174  165  110  -56  -13 -117  -52 -237  223  135   73 -110 -146  -44  -32 -203   72 -196  -43   47  230  202  -98 -249  151    2   96   16  151
 183  229  244  -79  128 -150  214  208   30  249 -239  181  111   59 -158  106  213  -81  172 -176  158  -91 -201   26   66 -191   66 -143  236  -43 -199  133
 240   27 -139  -60 -215 -127  -47 -160 -149 -185  228 -202  138  107   19 -133 -123  -68  -19   73  -25 -103   14  107  -31  103  139  137  108 -185  -71 -147
 -66 -201  186 -230 -180  133 -236 -146 -209  -59  121   85   56  -92    2 -116  -87 -101 -112  159   42  191 -164 -204  228 -144  177   40   71  -10  189 -199
-213  -30  -44  -16  103  200 -118 -171 -219    9 -206  -82  163  224  -10  -26  -46  214 -130  218   49 -189  -16 -182  151   39 -213  -72  157 -235  246  -24
-248   64  156  -54   53 -100  235   23 -120  124 -237   -9  162   10  165   -4   97  -82  238  -35   96  -56 -138 -110 -217  220 -150 -239  248    9 -181 -112
  80  231 -226  100  -67 -149    0 -221  -47 -249 -143  233  171  188 -194   45 -139   49 -233   11   46  -49   61  -49   66   46  237   55   13  151  -33   -4
  50  215   80   82    4  -98  204  172  -79   -9  -31   96 -193  191  168  -97   17  -94  164   76  237   -5 -197  -97 -196 -205  -65  -34   93 -159  121   38
  26 -241  210  181  148 -253   92 -127  -91  -51   79  237 -218   51  -13   83  -67  -16   77 -203 -137  -92  117   98  149 -235   98 -133 -181   29   59  174
 144  -63 -122  125  205    2  -95   52    7   24  161 -156   85 -133 -241   -6  233 -170 -250   60 -191  247 -185   50  202 -176 -121   97  127  103 -210   51
  24 -237  230 -234  188 -152   17  187 -144 -249   71  108  -22  184 -168 -165  175 -215  -41   61  227   -2 -130 -227   12   10  222   -9  238 -223 -186 -153
 140  181  -13  100  -55   83  107 -240 -163  227  165  192  -36 -186  225   40  186 -171   91  -23  -65  -27   54 -130  -17 -239 -101 -118  114   33   36 -209
-141  -33  244 -143   43  -69 -163 -176  218 -206 -198  245   66   92 -103 -238    6  144  134  -75  -89   -7 -240 -104 -225  -66 -140   95 -147  -74    0  113
 233  244 -227 -251 -123   84 -126 -170  -63 -171   56 -195  105 -165  -43  165 -225 -108   42  226   15 -191  -51  233 -131  237  118  103 -246  -65 -195  254
-133  -88  -97  189   78  -64  177 -154  145 -157 -248  115  -83  185   42  227 -188 -117  246   48   89  251  130   96  -55  168  158 -138  -92  -68  173   66
-119  -57  132   50 -133   -7   34 -132  238  246  -91  -84  -61 -246 -255  104  -36 -176  128 -154 -253   -1   79  146  215  -72 -204 -202   73  -65   -5 -145
 110  235  -78 -252   68  217   25 -157 -114 -204 -124 -177  226   38   18 -234  150  110    3   60  179   26  -49 -165   45  180 -169  114  123 -169   83  106
  39 -213  217  110   61 -231  217  231  120   87   27   14  104  176  109  -85  135 -126  -45  -89   15  -75  191 -158  238  231   39 -170  -78   97   -9  -32
  80 -167   51   24  174   45  162   99  -51 -197  -21  250 -189  133  -58   85  164  -37  224 -149  106  170  -77  211  139  -12  -30  156  106 -132   15  161
 136  -54   39    5  206 -243 -248 -123  253  216  223 -192  -12  125   72 -187  -13 -126  200  143  -61  218   34   26   27 -189  247  170 -218   26 -200  154
 202  249  198 -129  196  138    2 -192 -186   31   39  -87  -94   67  159  103    5   -2  246    3  -21   55 -173 -139   63 -202  153   71 -244 -102   12 -200
 -39  233  -14  -41 -148   19  198   49  107  217   -4  -72   83   99   49   94 -183 -197  126 -170  -12  197 -124  162  -14   66 -227 -149  -83  224   91 -205
 -20  -92  210 -169   84   30  236  150  181  -50  250   -4  -42   10 -164 -194  159   92 -105  251   40 -241  -11  130  197 -162  129  224 -236   -2  220  -38
  29  -28 -207  -91  235  131   13    0  -55  139 -210  150  -25 -167   81  148 -221  165 -118  -25  253   46  234  189   95  193  -28 -207  219   74 -243   92
-173   91  215  -97 -139   67 -197  226  171 -128  -34 -207  142 -155  250 -193 -112  167 -223 -228 -176 -211  -58   19 -149  -90  219 -113   17  237  -92  241
 -37 -175  248  -34  -91  238  -77  117   95  177 -143  -80 -126  207 -105  -78  -94  119  -47   91   48   52  -94 -111 -123  183   45  -54 -141  139  220   71
-100  231  238  227  -35  -77 -244  -28   67  -83 -188  144   69 -240  -27 -218  -84  202  128 -115 -106 -201  -34  147  120  123   46   93  159 -111  179 -199
-256  115 -155  -78   -8  131 -227  213   63    0   41  122  130 -247  214  120  107 -174  109  226  -62  247 -177  239   68  114   78  -30 -135  -42 -127  158
-109    1  223  -93 -228 -136   -6 -242  -92 -222  198 -160 -146  219  112   35 -232 -118 -189 -106  -19 -112 -179  -87 -167  254  252 -251 -139 -118 -136  184
 -77  127  152  197 -135  170 -254 -224 -187  -49 -170  204 -178  134   70 -173  224  153 -189  239  243  -64   74 -179 -150    0   46  -25 -247 -142  111  136
 176   67   46  141  -46   10 -147   -2  161  146 -220  -92  -15  189 -123  -66 -186   74 -197  -74   98  231  205 -164  248    3  -85 -134  162   15  164 -160
 226   63  -52  172  209  104 -235   86   62 -186  216  -12   12 -116 -247 -143  -21  -93 -159  -36 -181  227  184  237   85  -53  217  172  152  211   64 -137
  30 -232   52  179 -187 -205  -80 -252 -212  177   83  246  151 -206  140 -120   68   99 -109  -78  101 -201   -4 -102 -126   55  -66   -1   94  124  160   95
  63  -21  190  102 -108   77 -131 -203 -164  -15 -240 -169 -239   72  -33  171 -223  132   99  224   58  141 -246   97  143  119  -15 -196  -86 -132  125  138
  56  -64  178  -99  126  -66 -128  -97 -250   52   35  193  101 -172 -198  -63 -223 -170  215  237   49  -86 -242  135  117   -9  230  194 -198  -86  -67  163
 112 -186  -29  -38 -166  133   51 -153  -25  -19  119   64   26 -103  164  107  231  197  204  117 -215  154  123 -227 -211 -101   18  -65   98  189  -46   85
 -41 -131  -44  133 -171 -100   50  202  178  215  -95  103   37    9  -33  -68 -149 -122  -33   -5 -102  146   43 -172 -181   63 -160 -125 -120  -67 -150  -30
-112 -150 -156 -246  214 -145  201 -153  186  122   28 -146  250 -118  -81   46    2    4  -46   -3 -219  230  242 -228 -142  202 -167 -198   49 -217  114  180
 -33  157 -126   90  -60  -78 -230  -99  201  -97   60  184  -72  150  147  124   94  155 -125  203 -224 -220  236 -168  144 -102   10   73 -123 -118  -68  165
 102  253  183 -243 -188  193 -194 -148 -100  151 -132 -185  204   -4  104   62 -213  -28   80 -139  -24   51  240 -103 -225   69 -237  -19 -148 -108   74  140
 128  102  149  -27 -182  157 -177   -8  -52  250  134   16  168  194  109  150  152 -226  -29   37   -4  -50  159   27  -85   -9  186 -107   31 -197   58  -83
 132  122  -64  -78  -75    6  -50  244   -6 -216 -219  -46 -203   61  -65  226  145 -233  130  119  202 -102 -237   20    9  218  -36    4  -26  138  172 -143
 -36 -206  -76  152  134   82  174 -208  -30  149  -10  237   12 -109 -254 -195  181 -162   69 -184   59 -160  208   27 -171  -87 -209 -201  -94 -189  -74  239
 -76  150   40 -154  -56  -16  169  125  174 -239   51 -115   72  151 -252 -223  226  -58  229 -105 -100   91  -10  167   84   27  222  187 -163 -161   73  -66
 131  177  -70  206  209  207  -84  166 -174 -174   66  -38 -193   30   76 -126   76   -5  118 -211  163  191   96 -122   94  207  208 -161 -103  -50  151  -73
 238    3  -94 -243  234  -66    9   -3 -144 -127 -102  240  221  170 -173   55  249  125 -198 -191   50 -245 -205   15  183   93  164 -240  -17  207 -155 -234
-181 -117   41 -107  244   72 -167  129 -250 -200 -244 -135 -106    8 -242 -109  100 -208   29  158 -178 -176   60  -45 -120   64  -33  187  -25  -20 -174   -1
-113  -82   49  228  -21   33 -100 -229  -92  165  -89  -35   21 -120   61 -241  214 -136   14  101  141  -28   34 -181 -113 -176  164 -207  114  220  153   94
 -47 -167  248   12   55 -237  -29   11  -61  115  -58   30 -205  -28  -61  187 -255    5 -245 -185   17    0  115 -141  133   13   -8   56 -160  -98 -130  237
 193   53  -47  226 -126   20 -190  104 -143 -124  -94   31  124 -163  -84  166   67 -104  -18  -35  149 -165 -187  113    0 -206 -105 -244 -196 -186  168  179
 242  -96 -254  144   12 -201 -112  -97  -94  228  246   69  250    2  123  234  142  126  247  240   81 -107 -140   27  103 -129 -241  143   17   62 -172 -204
-141 -194 -198 -165  -59   -7   95 -170   71    7 -222 -163  185  219  -50 -105 -159 -237  192  216 -177   13  -44 -194 -158 -159  237  100   37   -8   59  223
-216 -181 -173 -235 -112 -202 -143  214   64 -222  -57  218  216 -255 -104  -85   62   50 -122  -99  175 -113   87 -237  209  207    8  -12 -106 -156  -25   98
-210  -20 -192  -67 -113 -199 -250   59 -196 -158   -2 -245 -195  120 -256   13  254  243 -222 -209 -152  167  141  194  160 -109  212 -248  -17   81   96  116
 -79 -238   77   39  -30  -17   -3   -9 -222  170  209  175  -12  221  245  220 -205 -247  -19  153    5  230   33 -239  109  -88   39 -191  -99 -255  201   -7
-248  122  150   35  -98 -131   33  242 -229   62   20  123   55  -85  208  158 -190  -58    9  -67  223 -142 -192  -61 -143   58 -214  -49    6 -142  -33  165
-176  163 -214 -106   32 -157   56 -152   77 -180  238 -194   47 -174 -110  202   90 -125 -131  196  192   30 -200 -207  -88  213   80  233   90  -58  -26  177
-141  -37  100 -112  114 -134  -65  -56    1   33   30 -168 -204 -209   61   47  -26  146 -159 -204   94  171    6  126  116 -246 -107  229  113  223   89  -51
 -57   40 -173 -213  207 -123 -105  174   34  165 -195  160   21   29  123  129   21   11  -24  -24  128  200  248   43  233  230 -116  222  -34   68  223  112
  16 -102 -173  209  188 -128  -24  -76 -139 -234   51  -68  151   37 -102 -143   34 -256   51 -232  -71  -81   88  -35  241   25  111   50  247 -246  137 -254
  27  -89  228  161  -14  218  249  174  113 -122   11  -83  -50  -39   49 -254  123 -126 -249 -120  -40   21  151 -247   34 -252  189 -175   64 -126  143  199
