 134  173  148  147  139   25 -132 -141
-228 -176  -41  105  116 -233   82   15
 -76 -161  238   66  170 -124 -198  212
 -47 -235  -62 -209   61  134 -138 -107
 -79   41 -243  246 -121 -150 -235 -222
-136 -167   63 -184  183    5  121   98
 182 -187 -185  242 -175  227 -170 -197
-146   53 -131 -133  102 -150  -77  143
 110 -103  247  -12 -218  -32 -155  -61
 218   69 -174  -71   -8   -5 -161 -115
  -6  -10 -192  173  -12  -72 -222  213
 246 -182  -97   93 -193  227 -152   54
 232  135 -120  -89  -30  188 -249 -249
 208  180  -15  245  209   86   98 -105
 106 -219 -114  166   87  -46  133  244
-236 -222  186   97 -220  118  -43 -101
 254 -152  173  191  129  160  163 -255
-124  137   43 -170  -17 -190   73  180
-223 -121  172  -34 -145 -158 -120 -153
-176 -187  -79  170 -192 -161  173 -225
 128   66   71  138  121 -154  253  -78
 246   86  114 -159 -236  231 -139 -129
  59 -179  214 -196  -73  174 -193  227
 -37  -27  103  -85 -125   29  -84 -123
 189  252 -168 -189   87   11   98  -62
 -10  181  -37 -149 -213   54   18 -161
 122  241  181 -124  199  116  131   90
 116 -135  133   96  246  -67 -141  188
 135  134 -173  -69 -201  -69  -92   92
  85  202  198  196 -216  -40  199 -153
  42 -246   63  159  226 -101  130  168
   4 -246 -188   34 -198 -254  -22 -183
 -22  224   -7   10 -106  134 -179  -53
 236 -144  245  234 -105   21   98  210
  35   41 -230 -223   29 -108  -18 -213
 -18 -194   34  253 -223  -23  -74  157
-141  179   38 -222 -205  -60  174  144
 -54   22 -136   10  154  148  -80 -129
 113   20 -235  107 -143  -79   99 -239
  93 -154  -91 -161 -172  178  -13   76
-246  -56  110 -177   18 -223  -77 -177
  89 -111 -143 -161  229  -98  202 -104
 157  -55  204 -235 -220   18   -6   30
 -29 -228  -33  194  -60   97 -138 -129
 -46  -93  -20  247   28  107 -202    6
-237   26  124  -28 -195  158 -117  -42
 131  231  -94   73  220  -91  210  -97
  25 -142   49 -152  208 -185  208   74
 -68 -153  -82 -243  111 -178   22 -128
  54  -58    8  228   -4   74  -79 -247
 -76  -21 -217  169   26   87  100  114
 230  118  195 -142   48  146 -160   -8
 212  150  110  169   89   70  -64 -191
 225  -92  -55 -139   85   96  171  147
-175  -25   39   43  -98   41   70   87
  44  104  192   96   50   28  -90   72
 231 -171  180  -95 -121 -245  240  242
  -7  202   28   46 -246  -46  169  193
 225  -94   -5 -144 -249  119   56  -91
 195  -15   98   26    8   25 -129 -179
 197  163 -165  -17  252  -13 -204 -153
 200 -229  160 -112 -232  -56  227  127
  59  141   43    5   98  161 -122  120
 218 -209  187    0  118   87 -199 -119
