-192   59   34   11   -7  -98  -57  -75 -155  219  -91   77  181  222  -75 -104 -127  156  114   71  217  -28  -24  115  -93   19  -85   37   -5  131 -157  174   64  188   45   10 -204 -193 -167   29  -73 -207  135 -178  -61 -177 -253  225  130 -155 -134  155 -211 -163 -155  143   51 -182 -142  214  -71   58  -67   15
  31   37  -26  234  -95   29 -133  171  101  210 -228 -116 -243  224 -256 -197 -191   33 -141  239 -231 -119   20  189 -254  225 -185 -143   13 -130   -5 -103   95  -49   87   78 -242  110 -212  -39  120  -43  150  124  -91  252   78  -56  252  -38   62  -62  -10  -25  190  155  157 -158  251  114    7  219 -238 -113
 149   14 -147 -108   90  249 -134  132   94 -221 -205   92  248 -145  211   46 -239 -163 -250  151  178  191  -42 -104  -23  115 -170 -157 -128 -224 -152  118   -6  -50  218   49   86  -81 -243  -17  223 -170  197  168 -208   18 -119 -138  -61  232   11 -106 -237   96 -111  135   94  211 -185  116 -187 -123 -221 -168
-163   44   76 -197 -166 -204  213 -202   21 -165 -198 -126  219  -46  -26  -82  114 -171  189  -18  135  146 -164 -130   38 -130 -150  139  -10   35  215  234 -169  239   47 -164  197  -17   96  147  123   65  126 -222  117  -18   47 -142 -248   20   55  -84  187  179   48 -213  -74 -254    4  106  -27 -111 -209  179
  91 -223  -16   73  219  205  146 -193 -171  111 -151 -120 -239   19  -26  -67 -210    8 -175  154  178 -162  138  -40   64  201 -207  -23   32  -82   17 -238  142  -29 -217 -167  189  -75  -46  231   76 -158  -86 -108 -205  201  176  159   18  -31 -252  238  -35  233  -93  191  -30 -245   40  214 -218 -113   48  172
 144   23   87  191   97 -188  -19   11   22 -110  212  121 -130   39  190  249 -113 -136 -112   91  178  117  -29  137  110  -21 -177 -171 -190   69  130 -192  -73  241  219  -94  215  240  -67  -80  -40 -145 -197   84   27  -80  227  235 -108  161   69  -23  130 -111  -51 -113 -172 -113 -174 -245  -37 -132   32 -152
-205  251 -171  -78  165   12   20  212  -48  201   63 -103 -210 -120  176  -86  153 -173 -196  141   41  152  182 -163  100 -232   25 -119   62 -141 -245 -104  -51   73  -51 -176 -211  235  -96  240 -105  -74  241  158 -204   39    6 -224  -78 -160  240    1    2 -193 -133   66  119  -25  -90 -151 -128  226  -97 -182
 -60 -149   18   22   75 -206 -208  180   -8  115 -189   29  191  143 -140  219   31  165 -202   29 -170  127  218  248  -96 -180    5   38  240  -53  -60  115 -215  122  -17  -32 -250   87 -115  -77 -174  210 -109 -155 -150  -62 -205   70  189 -151 -115 -148  246 -122   16 -248  -50  189  -83  -38 -185   29 -212  207
 -39  194   38 -245  181   82 -222  127 -164  206  169   95 -170  233 -141  138  191  202  -24  -67  118 -130  -20  164  -13  234   60 -238  245  -79 -216  122 -195 -146   69  102 -178   48 -115  107  -82  -67  213  -38 -150 -182 -161 -195   34 -171  231 -222 -108  167 -167  205 -167 -227  -58  125  208 -237 -152   14
  63  195 -198  248 -139  113    6   55  237 -252  183    3  236 -222   94  104  145   -8 -101  190 -123  188 -159 -157  186  250  206  -42  163 -107  224 -167 -239    2   89  217 -197  185  213   66  129  113  -68  178  158  -28   -2  173  -27  233  158   38  192  106  162  173 -107 -243  -56  136 -124 -100  107    8
 -18 -156 -210   84  228 -117  -66 -181 -208  -29   64  182 -245 -199 -224  -25    5   28 -213   79 -169   24  -85  218   30 -215  -41  -51  174 -195 -122 -229 -143  214  -24  191  197  105 -164 -231  -63  107  126  -22   80  -82  -42   34  116  252  169 -227  113 -101  149 -182 -239  247 -105 -153  -14   26  251  -32
  26  -11  193  -36   45  -53   52 -205  -43 -195  111   84  117  -81 -145 -143  -60   48 -214  -62  222 -250   37   55  -30   34   89 -160  -97  -52   89  224  192  217  152   47 -248 -121   30  233   26  234  165  -28  -97   35  160 -233 -158  251   76  -66  172 -141    4 -108  -67   13 -185 -107    9   93  -45  -69
  80 -115   39  119  -99  203  -40  -88  195  241 -138 -174  179  148 -227  -93 -229  -90 -166  -40   96  192  -96    2  170 -237   82  171  241 -196 -163  175  243 -195 -107  -14 -193 -216  -96   92  149 -118  114 -133   89  -55 -145  -71  146  -31  -94  150  202 -192  -19   67  249  158 -119 -132   47 -181 -153  116
-120  149 -104   57 -137 -122 -141  -41  129  179  172   47  110 -168 -147  227  165 -233   87 -147  -35   32   62  -34  142 -158   13  -24  205 -103 -166 -200   42  173 -120  230   97  105  -21 -187  101 -230    7 -249  206 -128  189 -186  -62 -152 -146   61  -82   97  173  -13  198   67 -131   31    2  249 -106  235
  83 -205  212  152  -68  140  -45 -100  -88  249  235  152  197  146  -28  145  -78  152   42  -77   -8  -41 -159  246 -242 -199  193 -201  229   36  118  185 -110  235  217  -97  133  230  237   64  -22  156 -198  -26  103 -118  216  -74  253 -165 -204 -108 -146  183   -9   90 -106  219  195  -25 -172  -88 -178  126
-179 -125   46 -189   -8  175  -32  121  221  213  194   12   92 -177   17  180  208 -248  173  193 -146 -108  100 -189  -40  234  236 -256 -165  161 -103 -208 -157  -27   -8  -79  138 -216   10   45  -46 -131 -148 -236  123  232 -103  103   17  244  -92  189 -169  -22  -88 -208   88   -8  247  -74  129  -52 -177 -174
