  -849    523    530    731   1400    187   -421    376    119   -547   -394   -345   1048   -117     73    273
  -457   1138   -307   2974   -602   -652    967  -1007   1030   -200   1232   -462   -898     13    802  -1552
 -1208  -1152  -1516   -711    969    647   -330    544   -298    226   -379  -2001   1148     48  -1441    -41
  1610   -680    569    742   -461    950   -255     54     55    895    224    770    988    374    852   -730
  -736    275    140    245    779   1406     38    598   1043    244   -446    -88    278   -153   1248  -1060
 -1390    317   1147     32   -768  -1883    257   -538   -121    381   1152   2009   1395    300  -1024   -958
  -310    717    150    791    280  -1097   -420   -429   -447   1184   -564   -830   -501    297    931     50
   751   -925   1592    258   -985    736   -952    693   -416   -688   -748  -1044    948   -103    801   -333
  -510    422    299    238    718   -933   -249    134   -659    571    738   -359   -316    611   -155   -294
  -304    624   -175    135   -907   -674    603    788   -453   -244    738   1074  -1098  -2194   -195   1289
   737   1128    189   -651    437   -103  -1282   -370   -138   1087    716    769  -1820   -323  -1191    372
 -1113   1126  -1725   -327     52   -885    279   -241   -194   1181    210    879    -37    762   -422    740
  -959   1026   -142    226   -180    402   -391    561     35   1405   -899    224   -944    871    214  -1233
 -1031   -494   -679    544    464   -127  -1429   -581    744  -1353   1540   -393   1756   2011    351   1128
   999     88    223    114    649    849    644    489   -692    128    537    460    411   1646   -198  -1194
   972   -387    787    426    965   -137   -236   -999    502    815    131   -633    874    662    120   -188
   157   -651   -665   -485   -539   -591   -834   -985  -1499   -442    820    481      3  -1230  -1331    602
   135    118    304   -493   1223    513   -257     65    665    237   -943  -1136    535   -822  -1125    256
  -430    510   -390  -1732   -453  -1486    273     -4    316     82      9   -122  -1082   1060    -87    376
   471     60   -476    221    345    306    444   -135    171   -189    922    304   1089   -392   -540   -177
   872    317     -9   1203  -1621    532   -602   -652  -1252    -87   -134    343    -13    739   -463   -484
  -198   1293   -523   1002   -224   1501   -853   -451    217    256    212  -1776  -1097   -682    726    353
   949    -86    315     43    950    662     46    636   1386   -236  -1303  -2783    718    845    565   1105
   235   -655     -4    -43    -30    288  -1079   1219    681   -398  -1105    729    560  -1289   1250    100
   888   -995   -244   1273   -830    224    779    555   -263   -399   1231   -293  -1346   1705    232    494
   658   -542   1254   1858   -759   -881    420    120   -144   1524   1119    404   -271    443    -70     97
   123  -1010   1422   1181    282   -198   1312   -787    495   1626    362    -44   1138   -403   -323    204
   617    388   -993    903   2120    623   1391   1097  -1174    989     48  -1213     52    605     51  -1204
  -277    105    157   -975    313   -895   -453    776    175    -47    424   -268    591   -131  -1637  -2264
   490     21    891    129   -780   -376    691   -697   -889    297   -577  -1423    -65    755   -846    950
 -1435    716   -566  -1248  -1007  -1642    988   -657   -285    274    299     73   -640    588   1805   -135
  -267    429   -348    -74    280     34     14   1819   -475   -630   -738   -636   2302  -1039   -181    770
