  -577   -410    516   -930   1103    864   -517    827     90   -252   -908   -284   1079    -58   -200    958
  -882    740   -297   2994    864   -463   1203   -749   1077   -515   1034    777   -933   -161   1263   -891
 -1458     12  -1755  -1052    456   -259     37    126    230   -424    158  -2211   -161   -267  -1519     48
  1518   -225   -627    637   -259    480    139   -104   -328    184    327   -346    661    342    -88   -132
   303    -59  -1257   -669   -220   2191    474    810   1643    742   -185  -1028    -40   -309   1431   -661
 -1048   -755     99     65   -318   -745    262   -505    350   -525    625   1707   1971    501   -701  -1293
 -1203    417   -662    454   1067   -748    312   -859   -241   1096     73    105     -5    347    552   -512
   709  -1394    704   1070   -715    947   -341    359    465   -162  -1036  -1355   1279    -78   1174   -779
  -325   -964    192    451   1054    173   -206     16   -341    317    162  -1339    614   1332    725  -1245
  -566   -564    -52   1062   -445  -1058    375   1110    -29   -657    265    314    299  -1847    482    417
   496    243   1332    494    580    564   -679      3   -296    313    841    869  -1230  -1348   -790     38
  -893   1234   -501   -273    197  -1196   -107   -422   -822    502    390   1053   -180   -344   -583    942
 -1578   1006    192    362   -344   -190   -286    627   -484   2316   -734    969  -1529   -265     71  -1286
 -1686   -101  -1150    178    287     -5  -1619  -1077    384  -1126    689   -358    723   1298    567   1131
  -221    333   -288    -76     21    505    251   1059   -331   -154    580    782    271   2016    337   -972
   396   -400    203    396   1275    567    291   -601    409   1045    533   -323    821   1689    872   -552
     0      0      0      0      0      0      0      0      0      0      0      0      0      0      0      0
     0      0      0      0      0      0      0      0      0      0      0      0      0      0      0      0
     0      0      0      0      0      0      0      0      0      0      0      0      0      0      0      0
     0      0      0      0      0      0      0      0      0      0      0      0      0      0      0      0
     0      0      0      0      0      0      0      0      0      0      0      0      0      0      0      0
     0      0      0      0      0      0      0      0      0      0      0      0      0      0      0      0
     0      0      0      0      0      0      0      0      0      0      0      0      0      0      0      0
     0      0      0      0      0      0      0      0      0      0      0      0      0      0      0      0
     0      0      0      0      0      0      0      0      0      0      0      0      0      0      0      0
     0      0      0      0      0      0      0      0      0      0      0      0      0      0      0      0
     0      0      0      0      0      0      0      0      0      0      0      0      0      0      0      0
     0      0      0      0      0      0      0      0      0      0      0      0      0      0      0      0
     0      0      0      0      0      0      0      0      0      0      0      0      0      0      0      0
     0      0      0      0      0      0      0      0      0      0      0      0      0      0      0      0
     0      0      0      0      0      0      0      0      0      0      0      0      0      0      0      0
     0      0      0      0      0      0      0      0      0      0      0      0      0      0      0      0
