   735   -393    640   -562   -131    388    138     63  -1282   -434    424   1221   -201     53     80  -1057      0      0      0      0      0      0      0      0      0      0      0      0      0      0      0      0
  -139   -159   -151   -234    328     90    305  -1227   -788     37  -1154  -1261    642   -693    423    630      0      0      0      0      0      0      0      0      0      0      0      0      0      0      0      0
   765   -944   -317   -649    807    193    333    479   -505    160    322   -509   -335    273   1199     25      0      0      0      0      0      0      0      0      0      0      0      0      0      0      0      0
  -689   -353    366   -374    428    177   -988    149     13    223    144      5   -373    710   -230   -842      0      0      0      0      0      0      0      0      0      0      0      0      0      0      0      0
  1019   -655   1237   -222    695    398   -199    284   1164    369   -266      7  -1091   -655    158   -247      0      0      0      0      0      0      0      0      0      0      0      0      0      0      0      0
 -1036  -1033    547    567   -900    266   -390   1203   -314   -507   -286   -241   -124   -211   -376   -820      0      0      0      0      0      0      0      0      0      0      0      0      0      0      0      0
   -85    180   1558    777   -181     20   -625    626   -862    237   -609    222    411   -381    403   -585      0      0      0      0      0      0      0      0      0      0      0      0      0      0      0      0
   -38  -1274    818    -19   -488   -290   -224    -60     17    778     89    112   1022     88   -689  -1039      0      0      0      0      0      0      0      0      0      0      0      0      0      0      0      0
  -364   -955    149   -212    588    -86   -521   -820   -270    121    -37   -660    214    210    333   -191      0      0      0      0      0      0      0      0      0      0      0      0      0      0      0      0
  -805     -8    644   -226    -79    767    793    231    -79    -48    275  -1438    144  -1123   -272   -552      0      0      0      0      0      0      0      0      0      0      0      0      0      0      0      0
  -284    132    779    119     56    -72  -1457    141   -560   -578  -1102  -1299    640   -312   -232   -166      0      0      0      0      0      0      0      0      0      0      0      0      0      0      0      0
    -4    385    380   -748     75    331    681   -106   -394   -598      1    248   -368   -253   -869   -237      0      0      0      0      0      0      0      0      0      0      0      0      0      0      0      0
    34   -970     77   -475    210   -343     45   -827    717    609     57   -550    738   1360    468    -62      0      0      0      0      0      0      0      0      0      0      0      0      0      0      0      0
   486     81   -429    928    277     92   -342  -1115   -294   -305     36    298    573    219    496    354      0      0      0      0      0      0      0      0      0      0      0      0      0      0      0      0
   215   -536    486  -1209    626    838   1354  -1232   -628    549    590    187   1543    385    584   -221      0      0      0      0      0      0      0      0      0      0      0      0      0      0      0      0
  -404    -26   -391   -265    900   -415   1035    106    425    813    583   -120   -164   -280   -703     31      0      0      0      0      0      0      0      0      0      0      0      0      0      0      0      0
     0      0      0      0      0      0      0      0      0      0      0      0      0      0      0      0      0      0      0      0      0      0      0      0      0      0      0      0      0      0      0      0
     0      0      0      0      0      0      0      0      0      0      0      0      0      0      0      0      0      0      0      0      0      0      0      0      0      0      0      0      0      0      0      0
     0      0      0      0      0      0      0      0      0      0      0      0      0      0      0      0      0      0      0      0      0      0      0      0      0      0      0      0      0      0      0      0
     0      0      0      0      0      0      0      0      0      0      0      0      0      0      0      0      0      0      0      0      0      0      0      0      0      0      0      0      0      0      0      0
     0      0      0      0      0      0      0      0      0      0      0      0      0      0      0      0      0      0      0      0      0      0      0      0      0      0      0      0      0      0      0      0
     0      0      0      0      0      0      0      0      0      0      0      0      0      0      0      0      0      0      0      0      0      0      0      0      0      0      0      0      0      0      0      0
     0      0      0      0      0      0      0      0      0      0      0      0      0      0      0      0      0      0      0      0      0      0      0      0      0      0      0      0      0      0      0      0
     0      0      0      0      0      0      0      0      0      0      0      0      0      0      0      0      0      0      0      0      0      0      0      0      0      0      0      0      0      0      0      0
     0      0      0      0      0      0      0      0      0      0      0      0      0      0      0      0      0      0      0      0      0      0      0      0      0      0      0      0      0      0      0      0
     0      0      0      0      0      0      0      0      0      0      0      0      0      0      0      0      0      0      0      0      0      0      0      0      0      0      0      0      0      0      0      0
     0      0      0      0      0      0      0      0      0      0      0      0      0      0      0      0      0      0      0      0      0      0      0      0      0      0      0      0      0      0      0      0
     0      0      0      0      0      0      0      0      0      0      0      0      0      0      0      0      0      0      0      0      0      0      0      0      0      0      0      0      0      0      0      0
     0      0      0      0      0      0      0      0      0      0      0      0      0      0      0      0      0      0      0      0      0      0      0      0      0      0      0      0      0      0      0      0
     0      0      0      0      0      0      0      0      0      0      0      0      0      0      0      0      0      0      0      0      0      0      0      0      0      0      0      0      0      0      0      0
     0      0      0      0      0      0      0      0      0      0      0      0      0      0      0      0      0      0      0      0      0      0      0      0      0      0      0      0      0      0      0      0
     0      0      0      0      0      0      0      0      0      0      0      0      0      0      0      0      0      0      0      0      0      0      0      0      0      0      0      0      0      0      0      0
