  -569  -1230    292  -1138    920  -2442  -1559    295   -267   -598  -1228  -1182     44   -275    697   -586
  -930  -1197    655    -48  -1815    717    378   -614   -578    962    381    970   -609   1621    -24   1367
  -555    436    -70   1940    794  -1610   -126    332   1567   -538   1040  -1699    422   -585  -1296  -1173
  -834   -154  -1068   1198  -1079   1025   1841   -281    698   -579   -182   1204   -385   1235  -1603   1530
  2887   -268   -322  -1419   1020    351   -579    158  -1750  -1031   -550   3232   1019     94    -18     -1
 -1490    -29   -900   -943   1654   2063   2367   -431   2651   -920  -1104    648   -151   -927   -371  -1803
  -372  -1760   1009   -528   -621    337   -303   2013    898   -517   1131   -356   1917    785   1302  -1650
  -232    858   -273    766    -75   -720   1238    525   -897  -2287   -883  -1929   1210  -1595   -415  -1354
 -1837    795   1255    145    665   -629  -1384   -741    664  -1670     35    233  -1259  -1256   -981    346
  -848    420    875    373    388   -327   -799    382   1360   2079   2352   -124     -7    678   -262   1270
    64    307    675  -2041     20  -2035   -976    620   -373  -1263   2217   1035    611    431    504   2342
  -387     82    515    298   -498   1779  -1725  -2473    552   -464   1335    846    275   -276   1418  -1812
  -113   2241   -623   -695   -116   -861   -285  -1315  -1351   -104  -2767   1071   1566   2202    233    -27
   484   1442  -1106    166   -906    804   -777  -2874  -1273    539   1002  -1068  -2538    874    488   1354
  -783  -1101    347   -554  -2102    514    230    330    698   2385    266   -930  -1219   -289  -2524   1159
  -619    -76   1487    121    451    437     -2   -138   -332   -370  -2029    643    342  -1740   -909    430
