  -638   -251    314   -938    894   -835   -518  -1570   -489    219   -357    212      9   -197    117  -1321      0      0      0      0      0      0      0      0      0      0      0      0      0      0      0      0
  -562    -33    491    454    554   -556     64    -19    289   -289  -1309   -491    920    439   1125    220      0      0      0      0      0      0      0      0      0      0      0      0      0      0      0      0
  -542    433    736   -639    923   -598    480    859   -508    436    576   -465   -737    606  -1503   -879      0      0      0      0      0      0      0      0      0      0      0      0      0      0      0      0
   -78   1051    516   -751    -72   -627   -527    628    571   -819   -804    -19   -293   -359   -284    357      0      0      0      0      0      0      0      0      0      0      0      0      0      0      0      0
  -300    132   1164   -911    178    440    443     75   -801   -247   -148    -84   -511   -507   -105   -427      0      0      0      0      0      0      0      0      0      0      0      0      0      0      0      0
  -996    941     21   -584  -1100   -124   -512   -137   -936    703   -641   1017    870   -468   -368   -745      0      0      0      0      0      0      0      0      0      0      0      0      0      0      0      0
   748    256    496   -348    484    -71    373   -405    980    655    166    574    399   -258    174    476      0      0      0      0      0      0      0      0      0      0      0      0      0      0      0      0
 -1577   -391   -151    300    100   -113   -487   -172    900     99    -65   -300   1467   -406   -303   -202      0      0      0      0      0      0      0      0      0      0      0      0      0      0      0      0
   268    335   -563    628    559     96   -565   -835   -343   -212    -54   -908    165    -53   1119   -175      0      0      0      0      0      0      0      0      0      0      0      0      0      0      0      0
  -323    469   -546   -239   -102    405   -409      4   -709   -315   -869   -249    771   -837    -56   -121      0      0      0      0      0      0      0      0      0      0      0      0      0      0      0      0
   659   -389   -469     -7    -58   -905   -314   -253   -144   -283    588    687    141    567      5    805      0      0      0      0      0      0      0      0      0      0      0      0      0      0      0      0
  -292   -131   -253    612    820   1376    428   -690   1232     19    905   -279    263    258   -668    251      0      0      0      0      0      0      0      0      0      0      0      0      0      0      0      0
   114   -716    667    787   -310   -382   -222    296   1467    348    365    548   1169   1081    487    167      0      0      0      0      0      0      0      0      0      0      0      0      0      0      0      0
   339   -118    100    866    180    894   -613   -850    215    627    887    622   -116    -96    305    559      0      0      0      0      0      0      0      0      0      0      0      0      0      0      0      0
   -88    252   -189    494   1508    431    826  -1008    992    431    270   -221    471   -288    268   -516      0      0      0      0      0      0      0      0      0      0      0      0      0      0      0      0
  -621    -47      3   1478   -906    815    738    743    -94   -480   -176  -1106  -1429    170   -556   1030      0      0      0      0      0      0      0      0      0      0      0      0      0      0      0      0
     0      0      0      0      0      0      0      0      0      0      0      0      0      0      0      0      0      0      0      0      0      0      0      0      0      0      0      0      0      0      0      0
     0      0      0      0      0      0      0      0      0      0      0      0      0      0      0      0      0      0      0      0      0      0      0      0      0      0      0      0      0      0      0      0
     0      0      0      0      0      0      0      0      0      0      0      0      0      0      0      0      0      0      0      0      0      0      0      0      0      0      0      0      0      0      0      0
     0      0      0      0      0      0      0      0      0      0      0      0      0      0      0      0      0      0      0      0      0      0      0      0      0      0      0      0      0      0      0      0
     0      0      0      0      0      0      0      0      0      0      0      0      0      0      0      0      0      0      0      0      0      0      0      0      0      0      0      0      0      0      0      0
     0      0      0      0      0      0      0      0      0      0      0      0      0      0      0      0      0      0      0      0      0      0      0      0      0      0      0      0      0      0      0      0
     0      0      0      0      0      0      0      0      0      0      0      0      0      0      0      0      0      0      0      0      0      0      0      0      0      0      0      0      0      0      0      0
     0      0      0      0      0      0      0      0      0      0      0      0      0      0      0      0      0      0      0      0      0      0      0      0      0      0      0      0      0      0      0      0
     0      0      0      0      0      0      0      0      0      0      0      0      0      0      0      0      0      0      0      0      0      0      0      0      0      0      0      0      0      0      0      0
     0      0      0      0      0      0      0      0      0      0      0      0      0      0      0      0      0      0      0      0      0      0      0      0      0      0      0      0      0      0      0      0
     0      0      0      0      0      0      0      0      0      0      0      0      0      0      0      0      0      0      0      0      0      0      0      0      0      0      0      0      0      0      0      0
     0      0      0      0      0      0      0      0      0      0      0      0      0      0      0      0      0      0      0      0      0      0      0      0      0      0      0      0      0      0      0      0
     0      0      0      0      0      0      0      0      0      0      0      0      0      0      0      0      0      0      0      0      0      0      0      0      0      0      0      0      0      0      0      0
     0      0      0      0      0      0      0      0      0      0      0      0      0      0      0      0      0      0      0      0      0      0      0      0      0      0      0      0      0      0      0      0
     0      0      0      0      0      0      0      0      0      0      0      0      0      0      0      0      0      0      0      0      0      0      0      0      0      0      0      0      0      0      0      0
     0      0      0      0      0      0      0      0      0      0      0      0      0      0      0      0      0      0      0      0      0      0      0      0      0      0      0      0      0      0      0      0
