 -2072    272    215   -745   -417   -798    399     32    242   -538     84    146    260    817   -180    265
   803    745    900    910   -621   1987   -245    253    488    -37   1547    160    163     53  -1504    138
   160    327   -338   2187   -607    -32    363    483    195  -2322    137   -562    570  -1130  -1166   -852
   461  -1232     17  -1035   2180   1556   -219  -1028   -789   -170   1096   3792   -250   1166   -120   1359
   650   -235   -954    548   2222  -1738     79   -103    -87  -1627      0    667    618  -1909    835  -2667
 -1945   2301    162    516    797   2503    134   1082   1221  -1262    -12  -1256    280    -41    364  -1201
   117   -117    585  -1629  -1266  -1744    512   1563  -1943    705    689  -1238   2339   -429   1126  -1248
    87   1359  -1669    620  -1858   -148   -712  -1445  -1048  -1690   -458   -820   -689  -1537   -906    822
  -345   1865   -184   -796   -250  -2170  -1619   1315   1606    923   1639   -228  -1403    123   -185   1250
   408    582   -375    -85    118    183    864    954   1427   2437   1357   -418    503   1114    -24   2080
  -176   -526  -1392  -1730    131  -1734   -357    192   -483   -158   2716    857    478    205   1267   1030
   159    270    100    -18   -164   1329  -3397  -1038   1163    482   -129    914     70    506    767  -2180
   920   -424  -2602   -112  -1021  -1004   -140  -1710   -577    -44  -1965   1984   1190   2301   -242    711
   339   -950   -691   -127   -737   1210  -2441  -1534    516   1695    441  -2261  -2416   1028    122   1519
 -1416    112    613  -1555    175   1283    876    875   1014   1250  -1311   -987   -897   -744  -2500   1267
   -69   1272    606   -453    340   -461   -409   -751   -467  -1096  -1424   1218   -158  -1755   -435    397
