  -345   1121    709   2207    -29    186   -296    288    189   -447    170   -228    540   -123    529   -449
  -602   -279   -571   1935  -1286    822    -99   -116    435    319    501  -1620   -479     47   -171  -1287
  -639  -1422   -428   -867   1504    -52   -228    484   -622    656   -863   -382   2033   -112  -1066    285
  1327   -227   1433    531    133   1276   -306    298    858    805     56    704   -339    547   1876  -1392
 -1736    841   -333   -153    627    147    115    757    394   -197    -31    714   1240   -364   -182   -769
  -341   1306    650    645  -1917  -1636    268  -1458    231   1064   1283   1472    245    700   -505   -870
   -89      4    486    177    385   -216   -541    423   -427    284  -1869  -1403     64   -170   1335    411
   358    -10   2090   -913   -163   -354   -458    262   -743    -52     46   -252    712    505    186   -985
  -717    656   -991   1083    -66   -846    616    108   -503    651    518   -325   -593   -358    -46    771
   831    550    522   -715  -1128    -67    212    395   -503    153   1014   1338  -1973  -1892   -515    779
   512    772  -1458    307    954   -968  -1056   -573    443   1229    551     49  -1033    549  -1165    861
  -406    597  -1510    359  -1413    130    695    -78    -58   1172   -294   1378   -581    811   -286    -48
  -743    746   -281    608    647    -10  -1229    640    487    790   -735   -412   -271   1376    152   -622
  -656   -711   -328    586   -333   -103  -1037    196   -526  -1104   2040     18   2187   1758    230    936
  1211    164    662    233   1782    589    852    -15     19    845   -271    -87    268   1359   -314  -1540
   295   -572    649    147   -177   -794   -673  -1316    455    110    697   -322   1094     82     39    440
     0      0      0      0      0      0      0      0      0      0      0      0      0      0      0      0
     0      0      0      0      0      0      0      0      0      0      0      0      0      0      0      0
     0      0      0      0      0      0      0      0      0      0      0      0      0      0      0      0
     0      0      0      0      0      0      0      0      0      0      0      0      0      0      0      0
     0      0      0      0      0      0      0      0      0      0      0      0      0      0      0      0
     0      0      0      0      0      0      0      0      0      0      0      0      0      0      0      0
     0      0      0      0      0      0      0      0      0      0      0      0      0      0      0      0
     0      0      0      0      0      0      0      0      0      0      0      0      0      0      0      0
     0      0      0      0      0      0      0      0      0      0      0      0      0      0      0      0
     0      0      0      0      0      0      0      0      0      0      0      0      0      0      0      0
     0      0      0      0      0      0      0      0      0      0      0      0      0      0      0      0
     0      0      0      0      0      0      0      0      0      0      0      0      0      0      0      0
     0      0      0      0      0      0      0      0      0      0      0      0      0      0      0      0
     0      0      0      0      0      0      0      0      0      0      0      0      0      0      0      0
     0      0      0      0      0      0      0      0      0      0      0      0      0      0      0      0
     0      0      0      0      0      0      0      0      0      0      0      0      0      0      0      0
