     0      0      0      0      0      0      0      0      0      0      0      0      0      0      0      0      0      0      0      0      0      0      0      0      0      0      0      0      0      0      0      0      0      0      0      0      0      0      0      0      0      0      0      0      0      0      0      0      0      0      0      0      0      0      0      0      0      0      0      0      0      0      0      0
     0      0      0      0      0      0      0      0      0      0      0      0      0      0      0      0      0      0      0      0      0      0      0      0      0      0      0      0      0      0      0      0      0      0      0      0      0      0      0      0      0      0      0      0      0      0      0      0      0      0      0      0      0      0      0      0      0      0      0      0      0      0      0      0
     0      0      0      0      0      0      0      0      0      0      0      0      0      0      0      0      0      0      0      0      0      0      0      0      0      0      0      0      0      0      0      0      0      0      0      0      0      0      0      0      0      0      0      0      0      0      0      0      0      0      0      0      0      0      0      0      0      0      0      0      0      0      0      0
     0      0      0      0      0      0      0      0      0      0      0      0      0      0      0      0      0      0      0      0      0      0      0      0      0      0      0      0      0      0      0      0      0      0      0      0      0      0      0      0      0      0      0      0      0      0      0      0      0      0      0      0      0      0      0      0      0      0      0      0      0      0      0      0
     0      0      0      0      0      0      0      0      0      0      0      0      0      0      0      0      0      0      0      0      0      0      0      0      0      0      0      0      0      0      0      0      0      0      0      0      0      0      0      0      0      0      0      0      0      0      0      0      0      0      0      0      0      0      0      0      0      0      0      0      0      0      0      0
     0      0      0      0      0      0      0      0      0      0      0      0      0      0      0      0      0      0      0      0      0      0      0      0      0      0      0      0      0      0      0      0      0      0      0      0      0      0      0      0      0      0      0      0      0      0      0      0      0      0      0      0      0      0      0      0      0      0      0      0      0      0      0      0
     0      0      0      0      0      0      0      0      0      0      0      0      0      0      0      0      0      0      0      0      0      0      0      0      0      0      0      0      0      0      0      0      0      0      0      0      0      0      0      0      0      0      0      0      0      0      0      0      0      0      0      0      0      0      0      0      0      0      0      0      0      0      0      0
     0      0      0      0      0      0      0      0      0      0      0      0      0      0      0      0      0      0      0      0      0      0      0      0      0      0      0      0      0      0      0      0      0      0      0      0      0      0      0      0      0      0      0      0      0      0      0      0      0      0      0      0      0      0      0      0      0      0      0      0      0      0      0      0
     0      0      0      0      0      0      0      0      0      0      0      0      0      0      0      0      0      0      0      0      0      0      0      0      0      0      0      0      0      0      0      0      0      0      0      0      0      0      0      0      0      0      0      0      0      0      0      0      0      0      0      0      0      0      0      0      0      0      0      0      0      0      0      0
     0      0      0      0      0      0      0      0      0      0      0      0      0      0      0      0      0      0      0      0      0      0      0      0      0      0      0      0      0      0      0      0      0      0      0      0      0      0      0      0      0      0      0      0      0      0      0      0      0      0      0      0      0      0      0      0      0      0      0      0      0      0      0      0
     0      0      0      0      0      0      0      0      0      0      0      0      0      0      0      0    313   -198     97    151    130    503    187    342   -386    244    -12      7    392    100    132   -315   -116    -36    376   -122     45    -59    257    -42    317    228    267    123   -301    258   -243    384      0      0      0      0      0      0      0      0      0      0      0      0      0      0      0      0
     0      0      0      0      0      0      0      0      0      0      0      0      0      0      0      0   -360    138    -11   -658     48   -153   -203    429    -71   -352    -81    120   -323     63    328     92   -209    -84     32   -195   -304     -5   -133     32    505   -524   -229     78   -165    110    251   -255      0      0      0      0      0      0      0      0      0      0      0      0      0      0      0      0
     0      0      0      0      0      0      0      0      0      0      0      0      0      0      0      0   -334   -215     34   -401   -198   -457    -76    153   -170    193   -148   -355     28    104     71   -113    -40    -79   -140    106   -260   -229    -70   -393    -87    103   -673   -179    -70    212     83   -147      0      0      0      0      0      0      0      0      0      0      0      0      0      0      0      0
     0      0      0      0      0      0      0      0      0      0      0      0      0      0      0      0   -319    273    151    -72   -255     23    180    169      0    226    187   -276   -126   -406   -233     79    184   -294   -377    385    357    474    282   -267     88    -87     83   -227    176    115    216    -74      0      0      0      0      0      0      0      0      0      0      0      0      0      0      0      0
     0      0      0      0      0      0      0      0      0      0      0      0      0      0      0      0 x x x x x x x x x x x x x x x x x x x x x x x x x x x x x x x x      0      0      0      0      0      0      0      0      0      0      0      0      0      0      0      0
     0      0      0      0      0      0      0      0      0      0      0      0      0      0      0      0 x x x x x x x x x x x x x x x x x x x x x x x x x x x x x x x x      0      0      0      0      0      0      0      0      0      0      0      0      0      0      0      0
     0      0      0      0      0      0      0      0      0      0      0      0      0      0      0      0 x x x x x x x x x x x x x x x x x x x x x x x x x x x x x x x x      0      0      0      0      0      0      0      0      0      0      0      0      0      0      0      0
     0      0      0      0      0      0      0      0      0      0      0      0      0      0      0      0 x x x x x x x x x x x x x x x x x x x x x x x x x x x x x x x x      0      0      0      0      0      0      0      0      0      0      0      0      0      0      0      0
     0      0      0      0      0      0      0      0      0      0      0      0      0      0      0      0 x x x x x x x x x x x x x x x x x x x x x x x x x x x x x x x x      0      0      0      0      0      0      0      0      0      0      0      0      0      0      0      0
     0      0      0      0      0      0      0      0      0      0      0      0      0      0      0      0 x x x x x x x x x x x x x x x x x x x x x x x x x x x x x x x x      0      0      0      0      0      0      0      0      0      0      0      0      0      0      0      0
     0      0      0      0      0      0      0      0      0      0      0      0      0      0      0      0 x x x x x x x x x x x x x x x x x x x x x x x x x x x x x x x x      0      0      0      0      0      0      0      0      0      0      0      0      0      0      0      0
     0      0      0      0      0      0      0      0      0      0      0      0      0      0      0      0 x x x x x x x x x x x x x x x x x x x x x x x x x x x x x x x x      0      0      0      0      0      0      0      0      0      0      0      0      0      0      0      0
     0      0      0      0      0      0      0      0      0      0      0      0      0      0      0      0 x x x x x x x x x x x x x x x x x x x x x x x x x x x x x x x x      0      0      0      0      0      0      0      0      0      0      0      0      0      0      0      0
     0      0      0      0      0      0      0      0      0      0      0      0      0      0      0      0 x x x x x x x x x x x x x x x x x x x x x x x x x x x x x x x x      0      0      0      0      0      0      0      0      0      0      0      0      0      0      0      0
     0      0      0      0      0      0      0      0      0      0      0      0      0      0      0      0 x x x x x x x x x x x x x x x x x x x x x x x x x x x x x x x x      0      0      0      0      0      0      0      0      0      0      0      0      0      0      0      0
     0      0      0      0      0      0      0      0      0      0      0      0      0      0      0      0 x x x x x x x x x x x x x x x x x x x x x x x x x x x x x x x x      0      0      0      0      0      0      0      0      0      0      0      0      0      0      0      0
     0      0      0      0      0      0      0      0      0      0      0      0      0      0      0      0   -279    -15    288    -68     -8    229     54   -264    139      1    197     31     57    124    -42   -153   -196    190      6    130   -169     52     39    -13   -383    -22    415    138   -197    107     35   -344      0      0      0      0      0      0      0      0      0      0      0      0      0      0      0      0
     0      0      0      0      0      0      0      0      0      0      0      0      0      0      0      0   -508   -368    -48     96   -157   -515   -369    104     14     82    161   -368    -69     56   -296     93     75   -266   -293    100   -410   -374    119   -249   -311   -495   -275   -172    227   -193   -504   -307      0      0      0      0      0      0      0      0      0      0      0      0      0      0      0      0
     0      0      0      0      0      0      0      0      0      0      0      0      0      0      0      0     -1     36   -308    -35    139     -2    235    332    119    166     87   -175     65    290    104     54    323     15     95   -110   -268    145    157     11    167    109   -159   -168   -107   -132   -213   -172      0      0      0      0      0      0      0      0      0      0      0      0      0      0      0      0
     0      0      0      0      0      0      0      0      0      0      0      0      0      0      0      0    -64     53    263     22     46    103    161    155    -36     82   -106    -94    -77     -4    185    -81   -190     83    126   -317     14    253    -41    218    108    -32    268    112     49    163   -163    -83      0      0      0      0      0      0      0      0      0      0      0      0      0      0      0      0
     0      0      0      0      0      0      0      0      0      0      0      0      0      0      0      0 x x x x x x x x x x x x x x x x x x x x x x x x x x x x x x x x      0      0      0      0      0      0      0      0      0      0      0      0      0      0      0      0
     0      0      0      0      0      0      0      0      0      0      0      0      0      0      0      0 x x x x x x x x x x x x x x x x x x x x x x x x x x x x x x x x      0      0      0      0      0      0      0      0      0      0      0      0      0      0      0      0
     0      0      0      0      0      0      0      0      0      0      0      0      0      0      0      0 x x x x x x x x x x x x x x x x x x x x x x x x x x x x x x x x      0      0      0      0      0      0      0      0      0      0      0      0      0      0      0      0
     0      0      0      0      0      0      0      0      0      0      0      0      0      0      0      0 x x x x x x x x x x x x x x x x x x x x x x x x x x x x x x x x      0      0      0      0      0      0      0      0      0      0      0      0      0      0      0      0
     0      0      0      0      0      0      0      0      0      0      0      0      0      0      0      0 x x x x x x x x x x x x x x x x x x x x x x x x x x x x x x x x      0      0      0      0      0      0      0      0      0      0      0      0      0      0      0      0
     0      0      0      0      0      0      0      0      0      0      0      0      0      0      0      0 x x x x x x x x x x x x x x x x x x x x x x x x x x x x x x x x      0      0      0      0      0      0      0      0      0      0      0      0      0      0      0      0
     0      0      0      0      0      0      0      0      0      0      0      0      0      0      0      0 x x x x x x x x x x x x x x x x x x x x x x x x x x x x x x x x      0      0      0      0      0      0      0      0      0      0      0      0      0      0      0      0
     0      0      0      0      0      0      0      0      0      0      0      0      0      0      0      0 x x x x x x x x x x x x x x x x x x x x x x x x x x x x x x x x      0      0      0      0      0      0      0      0      0      0      0      0      0      0      0      0
     0      0      0      0      0      0      0      0      0      0      0      0      0      0      0      0 x x x x x x x x x x x x x x x x x x x x x x x x x x x x x x x x      0      0      0      0      0      0      0      0      0      0      0      0      0      0      0      0
     0      0      0      0      0      0      0      0      0      0      0      0      0      0      0      0 x x x x x x x x x x x x x x x x x x x x x x x x x x x x x x x x      0      0      0      0      0      0      0      0      0      0      0      0      0      0      0      0
     0      0      0      0      0      0      0      0      0      0      0      0      0      0      0      0 x x x x x x x x x x x x x x x x x x x x x x x x x x x x x x x x      0      0      0      0      0      0      0      0      0      0      0      0      0      0      0      0
     0      0      0      0      0      0      0      0      0      0      0      0      0      0      0      0 x x x x x x x x x x x x x x x x x x x x x x x x x x x x x x x x      0      0      0      0      0      0      0      0      0      0      0      0      0      0      0      0
     0      0      0      0      0      0      0      0      0      0      0      0      0      0      0      0    358    -99   -101    283     94   -139    357    -70   -296    266     32    -52   -233   -131   -262    177    149   -174     29    185    152     14    288   -145    -22    277     29   -217   -130     83   -547    -66      0      0      0      0      0      0      0      0      0      0      0      0      0      0      0      0
     0      0      0      0      0      0      0      0      0      0      0      0      0      0      0      0   -223    -50    170    239     66     28     63    281    -54    136    272   -183   -138   -210    326    270    -27    194   -216   -373     96    135    269   -261    292    184   -124     46    -29    245   -146   -189      0      0      0      0      0      0      0      0      0      0      0      0      0      0      0      0
     0      0      0      0      0      0      0      0      0      0      0      0      0      0      0      0     50     36   -231    139     -9    106   -257   -190   -160    -61    159   -155    -60    -70   -285   -279    173   -482    -14     -7   -203    -68    200   -168   -376     87    453   -202   -107     17      5    390      0      0      0      0      0      0      0      0      0      0      0      0      0      0      0      0
     0      0      0      0      0      0      0      0      0      0      0      0      0      0      0      0    -54   -351    -27     55   -210   -248   -482     81    119     71    185   -288   -336   -103    -79    -19    112   -182    -80     87   -128   -107    140   -207   -143   -363   -202    315     15    236   -125   -122      0      0      0      0      0      0      0      0      0      0      0      0      0      0      0      0
     0      0      0      0      0      0      0      0      0      0      0      0      0      0      0      0 x x x x x x x x x x x x x x x x x x x x x x x x x x x x x x x x      0      0      0      0      0      0      0      0      0      0      0      0      0      0      0      0
     0      0      0      0      0      0      0      0      0      0      0      0      0      0      0      0 x x x x x x x x x x x x x x x x x x x x x x x x x x x x x x x x      0      0      0      0      0      0      0      0      0      0      0      0      0      0      0      0
     0      0      0      0      0      0      0      0      0      0      0      0      0      0      0      0 x x x x x x x x x x x x x x x x x x x x x x x x x x x x x x x x      0      0      0      0      0      0      0      0      0      0      0      0      0      0      0      0
     0      0      0      0      0      0      0      0      0      0      0      0      0      0      0      0 x x x x x x x x x x x x x x x x x x x x x x x x x x x x x x x x      0      0      0      0      0      0      0      0      0      0      0      0      0      0      0      0
     0      0      0      0      0      0      0      0      0      0      0      0      0      0      0      0 x x x x x x x x x x x x x x x x x x x x x x x x x x x x x x x x      0      0      0      0      0      0      0      0      0      0      0      0      0      0      0      0
     0      0      0      0      0      0      0      0      0      0      0      0      0      0      0      0 x x x x x x x x x x x x x x x x x x x x x x x x x x x x x x x x      0      0      0      0      0      0      0      0      0      0      0      0      0      0      0      0
     0      0      0      0      0      0      0      0      0      0      0      0      0      0      0      0 x x x x x x x x x x x x x x x x x x x x x x x x x x x x x x x x      0      0      0      0      0      0      0      0      0      0      0      0      0      0      0      0
     0      0      0      0      0      0      0      0      0      0      0      0      0      0      0      0 x x x x x x x x x x x x x x x x x x x x x x x x x x x x x x x x      0      0      0      0      0      0      0      0      0      0      0      0      0      0      0      0
     0      0      0      0      0      0      0      0      0      0      0      0      0      0      0      0 x x x x x x x x x x x x x x x x x x x x x x x x x x x x x x x x      0      0      0      0      0      0      0      0      0      0      0      0      0      0      0      0
     0      0      0      0      0      0      0      0      0      0      0      0      0      0      0      0 x x x x x x x x x x x x x x x x x x x x x x x x x x x x x x x x      0      0      0      0      0      0      0      0      0      0      0      0      0      0      0      0
     0      0      0      0      0      0      0      0      0      0      0      0      0      0      0      0 x x x x x x x x x x x x x x x x x x x x x x x x x x x x x x x x      0      0      0      0      0      0      0      0      0      0      0      0      0      0      0      0
     0      0      0      0      0      0      0      0      0      0      0      0      0      0      0      0 x x x x x x x x x x x x x x x x x x x x x x x x x x x x x x x x      0      0      0      0      0      0      0      0      0      0      0      0      0      0      0      0
     0      0      0      0      0      0      0      0      0      0      0      0      0      0      0      0   -196     31    -26    -17   -109      7    419     61    155   -136    128   -286   -467    108   -332    172    189   -333     97     13   -250    221     25    220    -26    364     -3   -366    147   -209    -10   -303      0      0      0      0      0      0      0      0      0      0      0      0      0      0      0      0
     0      0      0      0      0      0      0      0      0      0      0      0      0      0      0      0     56     82   -267    303   -302    309   -121   -339   -138     67    -24    111    162   -273    -25     27     38   -233   -103   -288    201   -278    -31   -203    -71   -320    432   -137    -52     33   -185    110      0      0      0      0      0      0      0      0      0      0      0      0      0      0      0      0
     0      0      0      0      0      0      0      0      0      0      0      0      0      0      0      0    153    -26    390     68     26    204    250    -58    408    343    -73    392   -180    244     91    -33    310    189    186   -107    306    310      7    451   -457   -117    102   -137     11    287    109      4      0      0      0      0      0      0      0      0      0      0      0      0      0      0      0      0
     0      0      0      0      0      0      0      0      0      0      0      0      0      0      0      0    -69     72    -31     -3   -243    -60   -103    196    231    249    195    115    -45   -185    303    154    207    153   -416   -171     17    477    -51   -212    400   -248    108    -55    134     22    278   -130      0      0      0      0      0      0      0      0      0      0      0      0      0      0      0      0
     0      0      0      0      0      0      0      0      0      0      0      0      0      0      0      0 x x x x x x x x x x x x x x x x x x x x x x x x x x x x x x x x      0      0      0      0      0      0      0      0      0      0      0      0      0      0      0      0
     0      0      0      0      0      0      0      0      0      0      0      0      0      0      0      0 x x x x x x x x x x x x x x x x x x x x x x x x x x x x x x x x      0      0      0      0      0      0      0      0      0      0      0      0      0      0      0      0
