 16393    278    123    110     92    284    -58    382    367   -189    321    395     -1    171    223     61    402    465   -192    -29    -25   -177    224      0   -158     20    169    107   -143   -115   -251   -109
   262    225    152    180    698     16     73      1   -157   -138    -98     90   -242    -93    -68   -172    306    245    117   -127     -8    193    146    383    190    192   -203    133   -255   -187    -49   -107
  -131    264   -166    -41    -37     83    -20    154    473    219    -45    -22      8    306     47     18    404     40    278   -227    -25   -198    276    -46    146    382   -310   -105     15    212     18    247
   240    190   -135    -34   -215     99    -62    -93    155   -621   -404    176    208    131    -13    282    -78    211    -49     -1   -161     45   -116    173    300    159    122   -183    148     15     86   -131
  -346    121    489   -343    -14   -191   -191    285   -162    369    -27     84    487     82    -75    334   -245   -269   -545   -270   -141   -242    164   -205    150    302     25     28     90    -37   -124    318
   283   -228   -361    156      5   -295     95     57    193    244    162    -14    136   -127    -50   -466    266   -272   -133     85     78   -310      6    -53    237   -297    205    -16   -218    280    -99     62
   -34   -205   -387     50    384     40   -273   -417   -299   -227    -55      8    129   -259    -20     13    -17   -491   -136    -46   -201    -34   -227     63    -28    213    164    278    289    136     88    129
   259    158   -337   -169    425     49     26     -4    398    173    -91    356   -415   -265    131   -260   -346    -58    -85    -87    169   -178    436   -526     85   -153    456     20   -235    192   -184    147
   119    192    151    -20     70   -179    194    144     -6    337   -245    -36   -117    123    -46    123     51    147   -134    175   -379     95     -7   -623    259     99    307    187    116    179     57    317
  -199    -96   -248     84     -5     10    239   -174   -175   -146    348   -193     51    -53    -93    -26     49   -507    145    136   -321    -45    148    204    169    271    222     89    270    -56     76     66
    36   -159    -38    508   -148    -97    -36    522    -87   -224    441   -217     99    307   -143    333     -2    142   -427     84   -324      8     33    112    123     -3    -34    265    257    -85     70     76
   -75    407    187   -115    184   -159    169   -375    152   -112   -417    151   -278    198    353    207    -42     84   -401    575    282      7    263   -284      6   -194    -71    -75    377   -360    -26    -41
  -101    139    329    401    304     66     67   -287    210    -24   -132    140   -160   -311   -159   -108   -240      0     95   -110     98     54    145   -101   -279    169    343    109     29    131     10     77
   -92    -93    -37   -364   -135   -225     75   -140    -53     52    -47    251    489    171   -573   -375     54    313   -148    -68    366     39   -209     21     45    144    244   -104   -272    -31   -167    -50
  -226    -11    -42    401   -125    -60   -163    174    -60     33    168    267     16   -212    -14   -252    144   -125   -241     16   -125   -204    237    -10    -62     82     74    162    236    -43    -93    152
   101    343    258    -60    197   -110    178   -169    157      7   -274    -77   -205   -181    469    -20   -460     54    275   -162    348    286    114   -178    -13     20   -125     21    464    426   -109    -85
  -375     34    293     60   -340   -148    -89   -197    173   -125    168   -278   -155   -277   -293    181   -174    102    -82    305   -114      2    -73   -441    488    226     20    -93    209   -170    123     20
  -230    210   -280      5    -63    388     87    353   -142    185     31   -299   -255    171    147    147      0    217     98     -9     51   -176   -335    200    179    284    165    -50   -198    -97    205     84
   232   -218     35    251     44    112     66   -170    151   -531    -34     37     67    145   -246   -258     -2    169    210    -40    402   -150   -176   -160     86    128     41   -223     79   -527    480    -86
   -81    268     10   -235     70     52    143    190   -110    124     61   -225    188     87   -119    260     -9   -141   -302    135   -242   -157    -52    285   -178   -257   -231    319    -29   -372     53    129
  -113    -71     52   -214    139    -86    322   -456    -38    114   -247   -256   -157     27    -31    119   -130    138   -160     55    424   -263   -171   -385     78    331    350   -164   -253    -60    -66   -332
  -123     61    122   -292   -105   -299     82     24    193    183   -224    160   -110    197   -392    -51   -486    281    -78     49    112     18    155     43    169     62     18   -104    -80   -132     21    105
   -77   -137      0   -235    189    -15    230    134    224    190   -152   -121    202    101   -131      7     96    312    119   -425    122     76   -116     73    121    230   -100   -345    -91     80   -139   -241
    23     62   -312    -40    505   -110    187    121   -706   -266    177    -55    -95    -20    638    -76    366    359     25   -213     40   -279    -83   -270    -62     24    244    -54     13   -327   -192    202
    25    -28   -325    135    139     60     91   -233    -85     99   -313    -65   -277    -41    140     53     66    -75    355   -106    192     18    -39    -82     33    182    129     37   -105    100    262     82
   137    -31    163     93   -485   -315   -169    190   -247    -17    -16     10    129    270    228    333   -123     91   -465     71    161    145    128    192    -62     73    363    142   -198   -185    -80    -73
   141    148    249     36     -9    274     66    210   -407    -44    158     57    239    -11   -273   -291    204    -43     29    193     38     82   -220   -186     35   -282    239    -65    303    127     90    -31
  -366   -268   -152    113    -54    -89   -306   -321    323    176     41   -332    -24    -40    223    117   -314    148    -64    -33    100    212   -174   -440   -103     30    409     43     46   -243    144   -121
  -264    -92   -304   -284   -105    218    -77    552   -325    199    -86    367     29     45   -151      5     95     90    255     79     23    126    364    109   -443    275    160   -173   -140   -134    -60     -7
   -79     26     64    372     39    113   -388    122   -187    -86     36    390    126    205    239   -171    228     22   -225   -137     95   -119     40   -239    -66    -24    -51     21    105   -385    348    125
  -325    145    220    445     55    -41   -179   -225    -85    -27   -234     31    -98    209   -669    145    217    121   -321   -559     34   -216    164    -51    383    -76   -202    267    333     -4    150    -69
  -248    234   -172     -4     59     10    247   -238   -101    -53   -171   -231   -295   -345     22    -80    -74     94     42    -11     51    -71    159    -42   -219   -159    219   -427    -42    -46    117    263
     0      0      0      0      0      0      0      0      0      0      0      0      0      0      0      0      0      0      0      0      0      0      0      0      0      0      0      0      0      0      0      0
     0      0      0      0      0      0      0      0      0      0      0      0      0      0      0      0      0      0      0      0      0      0      0      0      0      0      0      0      0      0      0      0
     0      0      0      0      0      0      0      0      0      0      0      0      0      0      0      0      0      0      0      0      0      0      0      0      0      0      0      0      0      0      0      0
     0      0      0      0      0      0      0      0      0      0      0      0      0      0      0      0      0      0      0      0      0      0      0      0      0      0      0      0      0      0      0      0
     0      0      0      0      0      0      0      0      0      0      0      0      0      0      0      0      0      0      0      0      0      0      0      0      0      0      0      0      0      0      0      0
     0      0      0      0      0      0      0      0      0      0      0      0      0      0      0      0      0      0      0      0      0      0      0      0      0      0      0      0      0      0      0      0
     0      0      0      0      0      0      0      0      0      0      0      0      0      0      0      0      0      0      0      0      0      0      0      0      0      0      0      0      0      0      0      0
     0      0      0      0      0      0      0      0      0      0      0      0      0      0      0      0      0      0      0      0      0      0      0      0      0      0      0      0      0      0      0      0
     0      0      0      0      0      0      0      0      0      0      0      0      0      0      0      0      0      0      0      0      0      0      0      0      0      0      0      0      0      0      0      0
     0      0      0      0      0      0      0      0      0      0      0      0      0      0      0      0      0      0      0      0      0      0      0      0      0      0      0      0      0      0      0      0
     0      0      0      0      0      0      0      0      0      0      0      0      0      0      0      0      0      0      0      0      0      0      0      0      0      0      0      0      0      0      0      0
     0      0      0      0      0      0      0      0      0      0      0      0      0      0      0      0      0      0      0      0      0      0      0      0      0      0      0      0      0      0      0      0
     0      0      0      0      0      0      0      0      0      0      0      0      0      0      0      0      0      0      0      0      0      0      0      0      0      0      0      0      0      0      0      0
     0      0      0      0      0      0      0      0      0      0      0      0      0      0      0      0      0      0      0      0      0      0      0      0      0      0      0      0      0      0      0      0
     0      0      0      0      0      0      0      0      0      0      0      0      0      0      0      0      0      0      0      0      0      0      0      0      0      0      0      0      0      0      0      0
     0      0      0      0      0      0      0      0      0      0      0      0      0      0      0      0      0      0      0      0      0      0      0      0      0      0      0      0      0      0      0      0
     0      0      0      0      0      0      0      0      0      0      0      0      0      0      0      0      0      0      0      0      0      0      0      0      0      0      0      0      0      0      0      0
     0      0      0      0      0      0      0      0      0      0      0      0      0      0      0      0      0      0      0      0      0      0      0      0      0      0      0      0      0      0      0      0
     0      0      0      0      0      0      0      0      0      0      0      0      0      0      0      0      0      0      0      0      0      0      0      0      0      0      0      0      0      0      0      0
     0      0      0      0      0      0      0      0      0      0      0      0      0      0      0      0      0      0      0      0      0      0      0      0      0      0      0      0      0      0      0      0
     0      0      0      0      0      0      0      0      0      0      0      0      0      0      0      0      0      0      0      0      0      0      0      0      0      0      0      0      0      0      0      0
     0      0      0      0      0      0      0      0      0      0      0      0      0      0      0      0      0      0      0      0      0      0      0      0      0      0      0      0      0      0      0      0
     0      0      0      0      0      0      0      0      0      0      0      0      0      0      0      0      0      0      0      0      0      0      0      0      0      0      0      0      0      0      0      0
     0      0      0      0      0      0      0      0      0      0      0      0      0      0      0      0      0      0      0      0      0      0      0      0      0      0      0      0      0      0      0      0
     0      0      0      0      0      0      0      0      0      0      0      0      0      0      0      0      0      0      0      0      0      0      0      0      0      0      0      0      0      0      0      0
     0      0      0      0      0      0      0      0      0      0      0      0      0      0      0      0      0      0      0      0      0      0      0      0      0      0      0      0      0      0      0      0
     0      0      0      0      0      0      0      0      0      0      0      0      0      0      0      0      0      0      0      0      0      0      0      0      0      0      0      0      0      0      0      0
     0      0      0      0      0      0      0      0      0      0      0      0      0      0      0      0      0      0      0      0      0      0      0      0      0      0      0      0      0      0      0      0
     0      0      0      0      0      0      0      0      0      0      0      0      0      0      0      0      0      0      0      0      0      0      0      0      0      0      0      0      0      0      0      0
     0      0      0      0      0      0      0      0      0      0      0      0      0      0      0      0      0      0      0      0      0      0      0      0      0      0      0      0      0      0      0      0
     0      0      0      0      0      0      0      0      0      0      0      0      0      0      0      0      0      0      0      0      0      0      0      0      0      0      0      0      0      0      0      0
     0      0      0      0      0      0      0      0      0      0      0      0      0      0      0      0      0      0      0      0      0      0      0      0      0      0      0      0      0      0      0      0
