 16457  -1743    651   -432    257   -703    254     99    148   -234    235    607  -1108    720    -94   -838
  -325    438    211    488    -17   -548   -928    468   1180    -66    -12   -372    702   -176    219   -949
  -677     10    -49   -119   -824    877   -632   -158   -685   -696   1159    483    708    969    130   -332
   905    807   -982   -383     56   -647    202      5    727    739    -66   2088    102     65   -111   -400
   -18   -493   -186    502    273   -276    126   -614   -267    261   -690     92    389   -325   -332   -221
  -837   -118    301   -402     59   -468   -281   -192   -132    308    233   1143    -29     17   -443   -892
  -357    189   -129   -114   -289   -549   -156     52   -130   -354   -251    493   -422   -784    -83    -22
   212   -196    949  -1067   1305   -561   -550    -14    -24   -423  -1024    113   -147     12   1122    660
  -562   -138   -743  -1396    844   -465    552    131    175    708   -911   -784   -799    683    183    978
    44    338   1082     37   -244   -199   -746    554   -408   -617  -1102    815    425   1261    833    117
   196   -545   -685    -52    174   -152    413    155   -573    132    746    -91   -492   -225   -153    -99
  1459    336     24    632   -105    301    394    -85  -1192   1191     66   -705    114   -455    930   -755
   112    305    202   1343    167   -695   -281   -183    680     91    672     40    -58    278   1344    -33
   -81   -639   -610   -243    365   -362   -310  -1658    252    753   -190    304    376    142   -353   -406
  -128    409   -706    190     21   -267    916    -48   -475   1201   -864   -351    -86    605    546    381
   676    656    747    486   -286    348   -530    299   -134   -177    289     52    139    806  -1233    706
