 16359   -312     54   -264     83     35     26    251    121    581   -176     53    351    213   -423   -247   -221    328     98     61    291      0    105    -89   -428    313     50   -302   -320    380     33   -379
   -72   -146   -241   -280    519    -42   -179    161    163   -129   -297    -52     15   -393     31   -325   -273      9    194      6   -420    145     68    -47    433     97    193    -44   -426     86    556    889
  -160   -482     44    365    115   -403      0     62   -148    107    -36   -137    118   -234   -456    109   -136   -436    224   -391    159     45   -148      6    112   -118   -338    -50   -256   -371    374   -109
  -168    -41    -50    233   -507    130   -110    137    496    208     40   -437     88    281   -259    104     56    677    110   -415    449     46   -158   -391    427   -273    141   -243     95     17   -146   -130
  -201    -92    206    230    279     47    189   -116    267     50   -315    286    -22     88    -95   -116   -349   -200   -492    -84      1   -322    256     17    -10     76   -105   -651    384   -280    104    316
   160   -174    261   -169     52    360   -109     64    262    286    216   -240    409    110    293    157   -299   -259    313    179   -249    286   -146     39    277    -14    212   -567    358    -67   -250    193
   442    422    175     61    -64   -334   -590    432     93    204   -449   -174    235     -1   -382    291     16    329    255    324   -208    -96   -163    399   -166     64    135    241     12    277    430   -244
   127    582   -429     33    700   -133   -206    541   -465   -169    -89   -163    286    174    191    -29     79    442    464    -87   -146   -439     12    132    133    134   -345   -109    459   -148   -238   -344
    -2   -562    223    -93    121   -340    165   -241    346    153   -188   -600    162     86    438    194    355    457   -287    247     33     76    764    -43   -326    248    170   -281    257    135   -497    122
  -193    -88    360    216     67    298     24   -316     33    495   -478   -191    -75    183   -317    335    -18    186   -159    179   -515    332     14    -87   -282     76     93    528    576    -80    -31    -54
  -113    145    345     56    -78   -255    -79     -7   -259   -173   -182   -332   -249     21   -171   -165    281   -131   -442     97    -13    168    -72   -140    218     32   -296    244      2   -808    291    294
   320   -297    110    395   -140   -223    -21    -20    -21   -169    365   -276    232   -306   -540   -139   -135   -403    431      4   -585   -213   -140    129   -285   -322    382   -739   -124    363   -133   -226
   402    -32     18   -186   -169   -181    -25    460   -197    -10    323   -129   -373    -59   -198    563    397    114    179    241     81    575   -158    238    474     46   -393    539     86   -421    -91   -578
   -84    371   -401    345    151   -944    205     -2    546     15    -16    383    -17    222   -301    217    316    -10    236   -550    363    280    668    191    -35    115    176    -68    208   -240    523    631
    77    174   -187    -86     48    205      7   -228    -56   -364    359   -101     61    -27   -281   -368    461    -37    133   -150   -285    946     59    567     56   -105   -458     71    238   -550   -255    513
  -366    -60    512   -178    335    360    502   -136    197      0   -420   -268    151   -463    -77   -139   -488   -484    385   -235   -132    100   -461    531    238    208    476   -101    238   -105    638   -170
   192   -114    186     17    714    553    436    242    408   -333    -15    -89    127   -219   -202   -109    339    327   -281     74    -44    -78     55    345    -22   -452   -194     54    -83   -154     92   -158
   338   -123    123    338    -47    147    597   -374   -582   -382    165    277   -114    269     37   -113   -142    973    220    121   -394   -392    -76    178    -20    262   -330    356     59    -85     89   -273
  -112    254      5    141    -48     79    124   -824   -157    812    268    -16    304    253    275   -559    435     61   -266     12   -408   -139   -296    131   -345     35   -303    135    -21   -327   -231    221
  -426    105     66     77    601    506    -71   -197    335    116    462    189     97    205     48   -521   -224    -60    395    158    792    -85    262   -600    -96    -88    -43     55    177   -476     41    317
    49    713   -406     38   -341    109    144   -287     -7   -264    165   -187   -137     18   -117    237   -547   -333   -480    -81    -99      4   -398   -459    -78    176    -89   -312    -36   -617    -76    -20
   755   -785    185    -20    446     96   -591    263    594     77    -27    234    -77    549    220    621    -87   -217    109   -303    111    164    446    122    123    -61   -241     88    434   -182   -288    -21
   -89    196     38    254   -470    -64    483    115    302    509     19    213    273   -747     -4    462    187    -99    113     46    285    -24   -255     40    152   -403     92    144     67    -45    146    326
   211   -407    164   -320     23    264    -13   -477    -75     40   -563    208    163   -619   -207   -242    284     11   -229    -33    268   -184   -189   -490   -315    -35    127   -459      2    146     69    231
  -307   -201   -189    413     15    970    -47    214    139    340     79    340   -104    222   -405     17   -274   -247    538   -495     61   -639   -352      6     56     28    335   -236    -37     88     -4    377
  -317   -407   -117     74   -132    280     33   -130    509     94    -43   -155     82   -128    238     84     71   -209    -31    258   -692   -165   -458    467    392     76   -531    -96    219    184   -459   -181
  -248   -202   -208   -450    497    621     32    459    254   -510   -163    323    297    426   -635    750   -358   -842    121    209    690   -103    184    394   -232   -639   -197   -326    579    142    228    774
  -254    519    440   -210    392     66   -235   -593    -41   -196   -282    134     50     16   -337    225     80     66    -38   -672   -514   -164   -282     12   -115   -187    -28     26    169    125     57   -406
    58      1    124     90   -283    299    229   -186     72   -682   -652   -236   -572   -459    -73   -360    -77    226   -134    130    325   -338     -8     74    -43   -339   -445    248   -418    418   -126   -137
  -233    209   -666    149     66    -58     13     34    342     79    110   -166    -97   -169   -354    197     46    127    335    154   -141    327    106    401     25    174    536   -297   -116    507   -150    -55
   366     47    -76    107    653    237     71     86     81    -51    594   -183    192    190    488    248   -231    -51   -247    513    -34    213   -568   -430   -265   -296    412    285   -315     -7    -90   -317
   276    360   -221    179   -344    -40    244   -159   -427    124   -476   -350     37    253    208    657     81     -8    178    -71    146   -129    712   -106   -177    405   -232    374   -492    125   -534    172
