   789    466   -203  -1437   -656   -500  -1153    433
   735    417     69  -1507    355    588  -1029  -2697
  -992  -1473    785   1402   -380    208   -737   1394
  1049     54   1221   -685   -656   -622    381   1676
  -337   -799   1873    -55    113   1206   1560   1455
   171   -383   -878  -1747    490    -44    576   -185
 -1077  -1660  -1518    935  -1950   -406   -670    430
 -1952  -1178    864   3167   -427    313    795    366
 -1286  -1002    203   -575    618  -1651   -598    -77
  1107  -2063   1407  -3084     48   1423  -1299  -1163
  -136    455    -82    878    -82    476  -1577    335
   -96    787    706   -692  -1092   -100    469  -3353
  1548  -1030   -421   -277    194      8   -911   1678
  1767  -2454  -1466    180    312    922   -581    829
   855   -245   -441   2725  -1655      7    568  -1663
   -82    193   -804   -301   -822      4   1793    452
     0      0      0      0      0      0      0      0
     0      0      0      0      0      0      0      0
     0      0      0      0      0      0      0      0
     0      0      0      0      0      0      0      0
     0      0      0      0      0      0      0      0
     0      0      0      0      0      0      0      0
     0      0      0      0      0      0      0      0
     0      0      0      0      0      0      0      0
     0      0      0      0      0      0      0      0
     0      0      0      0      0      0      0      0
     0      0      0      0      0      0      0      0
     0      0      0      0      0      0      0      0
     0      0      0      0      0      0      0      0
     0      0      0      0      0      0      0      0
     0      0      0      0      0      0      0      0
     0      0      0      0      0      0      0      0
